-49 -21 1 
-50 -20 1 
-49 -20 1 
-45 -22 2 
-44 -22 2 
-48 -21 3 
-47 -21 3 
-47 -22 4 
-46 -22 4 
-45 -21 5 
-44 -21 5 
-46 -22 6 
-46 -21 6 
-45 -21 6 
-47 -22 7 
-48 -21 7 
-49 -20 7 
-46 -23 8 
-46 -22 8 
-48 -22 9 
-47 -22 9 
-48 -21 9 
-45 -22 10
-47 -21 11
-48 -20 11
-47 -20 11
-52 -26 12
-51 -26 12
-52 -26 13
-53 -26 14
-52 -26 14
-53 -25 14
-52 -25 14
-52 -26 15
-51 -26 15
-52 -25 15
-51 -25 15
-51 -26 16
-50 -26 16
-49 -26 16
-53 -25 17
-52 -25 17
-53 -24 17
-55 -24 18
-55 -23 18
-55 -25 19
-54 -25 19
-55 -24 19
-54 -24 19
-54 -23 19
-55 -22 20
-54 -22 20
-55 -21 20
-51 -25 21
-52 -24 21
-53 -23 21
-49 -17 22
-48 -17 22
-48 -16 22
-49 -16 23
-48 -16 23
-47 -19 24
-47 -18 24
-48 -19 25
-49 -18 25
-48 -18 25
-47 -20 26
-47 -19 26
-51 -18 27
-51 -17 27
-50 -17 27
-48 -17 28
-47 -17 28
-50 -19 29
-49 -19 29
-50 -18 29
-49 -17 29
-50 -23 30
-49 -23 30
-51 -24 31
-50 -24 31
-51 -23 31
-51 -22 31
-50 -24 32
-49 -24 32
-50 -23 32
-49 -23 32
-49 -24 33
-48 -24 33
-49 -23 33
-51 -25 34
-50 -25 34
-51 -24 34
-53 -23 35
-52 -23 35
-52 -22 35
-47 -16 36
-44 -20 37
-47 -16 38
-46 -16 38
-45 -16 38
-47 -15 38
-46 -15 38
-44 -20 39
-46 -19 39
-44 -19 39
-47 -18 39
-46 -18 39
-45 -18 39
-44 -18 39
-47 -17 39
-46 -17 39
-45 -17 39
-44 -17 39
-47 -16 39
-44 -21 40
-46 -20 40
-45 -20 40
-44 -20 40
-46 -19 40
-45 -19 40
-46 -13 41
-46 -12 41
-45 -12 41
-44 -12 41
-46 -11 41
-45 -11 41
-44 -11 41
-48 -23 42
-47 -23 42
-47 -24 43
-46 -24 43
-49 -22 44
-48 -22 44
-49 -22 45
-50 -21 45
-49 -21 45
-50 -16 46
-49 -16 46
-50 -15 46
-49 -15 46
-48 -15 46
-49 -14 46
-51 -28 47
-50 -28 47
-51 -28 48
-50 -28 48
-51 -27 48
-53 -27 49
-52 -27 49
-52 -28 50
-52 -27 50
-52 -28 51
-51 -28 51
-53 -28 52
-52 -28 52
-52 -27 53
-54 -29 54
-55 -28 54
-54 -28 54
-53 -28 54
