#ARQUIVO                            ARQUIVO_ONS                                                                      
CAMARGOS.TXT                        CAMARGOS.TXT                                                       1      NAT 2017-08-25 000037 000037 000037 000036 000035 000035 000034 000032 000031 000031 000031 000030 000030 000030 000029 000029 000029 000029 000028 000028 000028 000028 000027 000027 000027 000026 000026 000020 000025 000024 000024
FUNIL MG.TXT                        FUNIL MG.TXT                                                       211    INC 2017-08-25 000035 000035 000035 000035 000034 000033 000032 000032 000032 000033 000033 000032 000032 000031 000031 000031 000030 000029 000029 000029 000028 000028 000028 000027 000026 000027 000026 000026 000025 000024 000025
PBUENOS.TXT                         PBUENOS.TXT                                                                    000000 000000 000000 000000 000000 000000 000000 000000 000000 000000 000000 000000 000000 000000 000000 000000 000000 000000 000000 000000 000000 000000 000000 000000 000000 000000 000000 000000 000000 000000 000000
PARAGUACU.TXT                       PARAGUACU.TXT                                                                  000000 000000 000000 000000 000000 000000 000000 000000 000000 000000 000000 000000 000000 000000 000000 000000 000000 000000 000000 000000 000000 000000 000000 000000 000000 000000 000000 000000 000000 000000 000000
FURNAS.TXT                          FURNAS.TXT                                                                     000000 000000 000000 000000 000000 000000 000000 000000 000000 000000 000000 000000 000000 000000 000000 000000 000000 000000 000000 000000 000000 000000 000000 000000 000000 000000 000000 000000 000000 000000 000000
CAPESCURO.TXT                       CAPESCURO.TXT                                                                  000000 000000 000000 000000 000000 000000 000000 000000 000000 000000 000000 000000 000000 000000 000000 000000 000000 000000 000000 000000 000000 000000 000000 000000 000000 000000 000000 000000 000000 000000 000000
PCOLOMBIA.TXT                       PCOLOMBIA.TXT                                                                  000000 000000 000000 000000 000000 000000 000000 000000 000000 000000 000000 000000 000000 000000 000000 000000 000000 000000 000000 000000 000000 000000 000000 000000 000000 000000 000000 000000 000000 000000 000000
PASSAGEM.TXT                        PASSAGEM.TXT                                                                   000000 000000 000000 000000 000000 000000 000000 000000 000000 000000 000000 000000 000000 000000 000000 000000 000000 000000 000000 000000 000000 000000 000000 000000 000000 000000 000000 000000 000000 000000 000000
EDACUNHA.TXT                        EDACUNHA.TXT                                                       15     NAT 2017-08-25 000037 000037 000036 000036 000036 000036 000036 000035 000033 000032 000032 000032 000032 000031 000030 000029 000029 000029 000028 000027 000026 000025 000026 000026 000026 000025 000025 000024 000022 000022 000022
MARIMBONDO.TXT                      MARIMBONDO.TXT                                                                 000000 000000 000000 000000 000000 000000 000000 000000 000000 000000 000000 000000 000000 000000 000000 000000 000000 000000 000000 000000 000000 000000 000000 000000 000000 000000 000000 000000 000000 000000 000000
AVERMELHA.TXT                       AVERMELHA.TXT                                                      18     INC 2017-08-25 000172 000153 000147 000136 000128 000122 000118 000114 000110 000105 000101 000101 000100 000096 000093 000092 000091 000089 000087 000085 000084 000083 000080 000079 000075 000072 000072 000041 000068 000068 000067
CORUMBAIV.TXT                       CORUMBAIV.TXT                                                      205    INC 2017-08-25 000027 000027 000027 000026 000023 000025 000028 000028 000028 000028 000027 000023 000024 000024 000024 000024 000024 000025 000025 000025 000025 000025 000025 000025 000024 000024 000024 000027 000014 000010 000010
CORUMBA1.TXT                        CORUMBA1.TXT                                                                   000000 000000 000000 000000 000000 000000 000000 000000 000000 000000 000000 000000 000000 000000 000000 000000 000000 000000 000000 000000 000000 000000 000000 000000 000000 000000 000000 000000 000000 000000 000000
SDOFACAO.TXT                        SDOFACAO.TXT                                                       251    INC 2017-08-25 000008 000007 000007 000007 000008 000007 000006 000006 000006 000006 000006 000007 000006 000007 000007 000006 000007 000006 000006 000006 000006 000005 000006 000005 000005 000005 000004 000007 000008 000010 000010
EMBORCACAO.TXT                      EMBORCACAO.TXT                                                                 000000 000000 000000 000000 000000 000000 000000 000000 000000 000000 000000 000000 000000 000000 000000 000000 000000 000000 000000 000000 000000 000000 000000 000000 000000 000000 000000 000000 000000 000000 000000
NOVAPONTE.TXT                       NOVAPONTE.TXT                                                      25     INC 2017-08-25 000060 000058 000058 000057 000056 000056 000055 000054 000054 000053 000052 000052 000051 000051 000051 000050 000049 000048 000048 000047 000045 000046 000046 000045 000045 000043 000043 000052 000052 000055 000052
ITUMBIARA.TXT                       ITUMBIARA.TXT                                                                  000000 000000 000000 000000 000000 000000 000000 000000 000000 000000 000000 000000 000000 000000 000000 000000 000000 000000 000000 000000 000000 000000 000000 000000 000000 000000 000000 000000 000000 000000 000000
CAMPINAMALEGRE.TXT                  Campina_Monte_Alegre.txt                                                        000000 000000 000000 000000 000000 000000 000000 000000 000000 000000 000000 000000 000000 000000 000000 000000 000000 000000 000000 000000 000000 000000 000000 000000 000000 000000 000000 000000 000000 000000 000000
JURUMIRIM.TXT                       INC_Jurum_Camp.MonteAlegre.txt                                                  000000 000000 000000 000000 000000 000000 000000 000000 000000 000000 000000 000000 000000 000000 000000 000000 000000 000000 000000 000000 000000 000000 000000 000000 000000 000000 000000 000000 000000 000000 000000
OLARIADOSPADRES.TXT                 Olaria_dos_Padres.txt                                                           000000 000000 000000 000000 000000 000000 000000 000000 000000 000000 000000 000000 000000 000000 000000 000000 000000 000000 000000 000000 000000 000000 000000 000000 000000 000000 000000 000000 000000 000000 000000
CHAVANTES.TXT                       INC_Chav_Jurum_OlariaPadres.txt                                                 000000 000000 000000 000000 000000 000000 000000 000000 000000 000000 000000 000000 000000 000000 000000 000000 000000 000000 000000 000000 000000 000000 000000 000000 000000 000000 000000 000000 000000 000000 000000
SANTACRUZDORIOPARDO.TXT             Sta_Cruz_Rio_Pardo.txt                                                          000000 000000 000000 000000 000000 000000 000000 000000 000000 000000 000000 000000 000000 000000 000000 000000 000000 000000 000000 000000 000000 000000 000000 000000 000000 000000 000000 000000 000000 000000 000000
CANOASI.TXT                         INC_CanI_Chav_StaCruzRioPardo.txt                                               000000 000000 000000 000000 000000 000000 000000 000000 000000 000000 000000 000000 000000 000000 000000 000000 000000 000000 000000 000000 000000 000000 000000 000000 000000 000000 000000 000000 000000 000000 000000
TELEMACOBORBA.TXT                   Telemaco_Borba.txt                                                              000000 000000 000000 000000 000000 000000 000000 000000 000000 000000 000000 000000 000000 000000 000000 000000 000000 000000 000000 000000 000000 000000 000000 000000 000000 000000 000000 000000 000000 000000 000000
JATAIZINHO.TXT                      Inc_Jataiz_Telemaco.txt                                                         000000 000000 000000 000000 000000 000000 000000 000000 000000 000000 000000 000000 000000 000000 000000 000000 000000 000000 000000 000000 000000 000000 000000 000000 000000 000000 000000 000000 000000 000000 000000
CAPIVARA.TXT                        INC_Capiv_CanI_Jataizinho.txt                                                   000000 000000 000000 000000 000000 000000 000000 000000 000000 000000 000000 000000 000000 000000 000000 000000 000000 000000 000000 000000 000000 000000 000000 000000 000000 000000 000000 000000 000000 000000 000000
ITAGUAGE.TXT                        Itaguage.txt                                                                    000000 000000 000000 000000 000000 000000 000000 000000 000000 000000 000000 000000 000000 000000 000000 000000 000000 000000 000000 000000 000000 000000 000000 000000 000000 000000 000000 000000 000000 000000 000000
ROSANA.TXT                          INC_Rosana_Capiv_Itaguage.txt                                                   000000 000000 000000 000000 000000 000000 000000 000000 000000 000000 000000 000000 000000 000000 000000 000000 000000 000000 000000 000000 000000 000000 000000 000000 000000 000000 000000 000000 000000 000000 000000
INC_Mauá.txt                        INC_Mauá.txt                                                        57     NAT 2017-08-25 000284 000256 000225 000200 000182 000176 000140 000133 000128 000124 000116 000112 000107 000105 000100 000098 000096 000094 000091 000090 000087 000085 000086 000084 000082 000081 000075 000078 000075 000071 000069
Foz_do_Areia-Iguacu.txt             Foz_do_Areia-Iguacu.txt                                             74     NAT 2017-08-25 000579 000520 000467 000413 000374 000335 000305 000270 000246 000229 000216 000205 000188 000188 000183 000181 000170 000156 000145 000136 000130 000126 000125 000124 000124 000120 000117 000110 000121 000128 000136
INC_Salto_Osorio-Iguacu.txt         INC_Salto_Osorio-Iguacu.txt                                         78     INC 2017-08-25 000020 000015 000017 000022 000025 000021 000017 000015 000013 000012 000011 000010 000010 000009 000009 000008 000008 000008 000007 000008 000007 000007 000007 000006 000006 000006 000007 000005 000001 000001 000001
INC_Salto_Santiago-Iguacu.txt       INC_Salto_Santiago-Iguacu.txt                                       77     INC 2017-08-25 000051 000037 000043 000056 000063 000054 000043 000037 000033 000030 000027 000026 000025 000022 000022 000021 000020 000020 000019 000019 000018 000018 000017 000016 000016 000016 000017 000012 000003 000002 000002
INC_Segredo-Iguacu.txt              INC_Segredo-Iguacu.txt                                              76     INC 2017-08-25 000061 000059 000058 000053 000052 000057 000064 000069 000066 000061 000058 000054 000053 000052 000053 000051 000049 000047 000047 000045 000044 000041 000040 000040 000040 000039 000038 000032 000018 000014 000015
Jordao-Iguacu.txt                   Jordao-Iguacu.txt                                                   73     NAT 2017-08-25 000073 000065 000060 000057 000054 000054 000053 000053 000050 000048 000045 000043 000042 000041 000040 000039 000037 000036 000036 000036 000036 000034 000033 000031 000031 000031 000030 000029 000024 000022 000022
Salto_Osorio-Iguacu.txt             Salto_Osorio-Iguacu.txt                                             78     NAT 2017-08-25 000844 000781 000726 000680 000634 000580 000529 000490 000453 000416 000385 000362 000342 000324 000313 000307 000299 000287 000272 000259 000247 000237 000228 000221 000218 000216 000214 000199 000171 000164 000166
Salto_Santiago-Iguacu.txt           Salto_Santiago-Iguacu.txt                                           77     NAT 2017-08-25 000803 000740 000687 000637 000588 000537 000495 000461 000424 000390 000363 000343 000324 000309 000301 000296 000287 000273 000258 000247 000236 000226 000218 000212 000211 000209 000206 000189 000164 000162 000167
Segredo-Iguacu.txt                  Segredo-Iguacu.txt                                                  76     NAT 2017-08-25 000660 000610 000553 000495 000446 000413 000385 000357 000324 000299 000281 000265 000250 000240 000239 000233 000224 000210 000197 000186 000177 000170 000166 000164 000164 000161 000157 000144 000134 000139 000147
Ita-Uruguai.txt                     Ita-Uruguai.txt                                                     92     NAT 2017-08-25 000631 000535 000454 000416 000394 000353 000326 000296 000275 000259 000249 000239 000235 000227 000225 000217 000209 000205 000203 000204 000212 000219 000251 000297 000343 000323 000282 000258 000214 000182 000170
Barra_Grande-Uruguai.txt            Barra_Grande-Uruguai.txt                                            215    NAT 2017-08-25 000111 000087 000125 000086 000078 000070 000067 000063 000064 000066 000067 000064 000057 000052 000047 000043 000040 000038 000038 000037 000038 000042 000108 000147 000120 000090 000084 000064 000053 000044 000039
Campos_Novos-Uruguai.txt            Campos_Novos-Uruguai.txt                                            216    NAT 2017-08-25 000229 000184 000154 000142 000137 000127 000116 000108 000101 000098 000096 000094 000089 000085 000082 000078 000077 000086 000088 000087 000075 000070 000068 000066 000065 000064 000063 000061 000053 000054 000053
