#GRADES	MODELO	LAT;LON																																																						
ÁGUA VERMELHA	ETA40	-19,8;-49	-19,8;-49,4	-19,8;-49,8	-19,8;-50,2	-20,2;-49,4	-20,2;-49,8	-20,2;-50,2	-20,6;-49	-20,6;-49,4	-21;-48,6	-21;-49																																																																																																									
BALSA SANTA MARIA	ETA40	-23,8;-53	-24,2;-52,6	-24,2;-53	-24,2;-53,4	-24,6;-52,6	-24,6;-53	-24,6;-53,4	-25;-51,8	-25;-52,2	-25;-52,6	-25;-53																																																																																																									
BARRA BONITA	ETA40	-23;-48,2	-22,6;-48,2	-23,4;-47,8	-23;-47,8	-22,6;-47,8	-23,8;-47,4	-23,4;-47,4	-23;-47,4	-22,6;-47,4	-23,4;-47	-23;-47	-22,6;-47	-23,4;-46,6	-23;-46,6	-23;-46,2																																																																																																					
BARRA GRANDE	ETA40	-27,8;-51	-28,2;-49,8	-28,2;-50,2	-28,2;-50,6	-28,2;-51	-28,6;-49,8	-28,6;-50,2	-28,6;-50,6																																																																																																												
CAMARGOS	ETA40	-21,4;-44,2	-21,4;-44,6	-21,8;-44,2	-21,8;-44,6	-22,2;-44,6																																																																																																															
CAMP. M. ALEGRE	ETA40	-23,8;-47,8	-23,8;-48,2	-24,2;-48,2																																																																																																																	
CAMPOS NOVOS	ETA40	-27;-50,6	-27,4;-50,2	-27,4;-50,6	-27,4;-51	-27,8;-49,4	-27,8;-49,8	-27,8;-50,2	-27,8;-50,6																																																																																																												
CANOAS I	ETA40	-22,6;-49	-22,6;-49,4	-22,6;-49,8	-22,6;-50,2	-23;-49,8	-23;-50,2																																																																																																														
CAPIVARA	ETA40	-22,6;-50,6	-22,6;-51	-23;-50,6	-23;-51	-23;-51,4	-23,4;-50,2	-23,4;-50,6	-23,8;-49,8	-23,8;-50,2	-24,2;-49,8	-24,2;-50,2																																																																																																									
CHAVANTES	ETA40	-23,4;-49,4	-23,4;-49,8	-23,8;-49,4																																																																																																																	
CORUMBÁ I	ETA40	-15,8;-47,8	-16,2;-47,8	-16,6;-47,8	-16,6;-48,2	-16,6;-48,6	-17;-47,8	-17;-48,2	-17;-48,6	-17,4;-48,2	-17,4;-48,6	-17,8;-48,6																																																																																																									
CORUMBÁ IV	ETA40	-15,8;-48,2	-15,8;-48,6	-16,2;-48,2	-16,2;-48,6	-16,2;-49																																																																																																															
EDGARD DE SOUZA	ETA40	-23,8;-46,6																																																																																																																			
EMBORCAÇÃO	ETA40	-17,8;-47,4	-18,2;-47	-18,2;-47,4	-18,2;-47,8	-18,6;-46,6	-18,6;-47	-18,6;-47,4	-18,6;-47,8	-19;-46,6	-19;-47,4																																																																																																										
ESPORA	ETA40	-18,2;-53	-18,6;-52,2																																																																																																																		
EUC. DA CUNHA	ETA40	-21,8;-46,6																																																																																																																			
FAZ. CAPÃO ESCURO	ETA40	-20,6;-47,4	-20,6;-47,8	-21;-47	-21;-47,4																																																																																																																
FAZENDA BURITI	ETA40	-21;-54,6	-20,6;-54,6	-21,4;-54,2	-21;-54,2	-20,6;-54,2	-20,2;-54,2	-19,8;-54,2	-21,4;-53,8	-21;-53,8	-20,6;-53,8	-20,2;-53,8	-21,4;-53,4	-21;-53,4	-20,6;-53,4	-21,8;-53	-21,4;-53	-21;-53																																																																																																			
FLORIDA ESTRADA	ETA40	-22,6;-55	-22,6;-55,4	-23;-54,6	-23;-55	-23;-55,4	-23,4;-55	-23,4;-55,4	-23,8;-55	-23,8;-55,4																																																																																																											
FOZ DO AREIA	ETA40	-25,8;-51,4	-26,2;-51,4	-26,6;-51,4																																																																																																																	
FOZ DO CHAPECÓ	ETA40	-27,4;-52,6	-27;-52,6	-27;-52,2																																																																																																																	
FOZ DO RIO CLARO	ETA40	-17,4;-52,6	-17,8;-52,2	-17,4;-52,2	-17,8;-51,8	-17,4;-51,8	-18,2;-51,4	-17,8;-51,4	-18,6;-51	-19;-50,6																																																																																																											
FUNIL	ETA40	-21;-43,8	-21;-44,2	-21;-44,6	-21;-45	-21,4;-43,8																																																																																																															
FURNAS	ETA40	-20,6;-45,4	-20,6;-45,8	-20,6;-46,2	-21;-45,4	-21;-45,8	-21;-46,2	-21,4;-45	-21,4;-45,4	-21,4;-45,8	-21,4;-46,2	-21,4;-46,6	-21,8;-46,2																																																																																																								
ITÁ	ETA40	-27;-51	-27;-51,4	-27;-51,8	-27,4;-51,8	-27,4;-52,2	-27,8;-52,2	-28,2;-51,8	-28,2;-52,2																																																																																																												
IBITINGA	ETA40	-22,2;-49,4	-22,2;-49	-21,8;-49	-22,6;-48,6	-22,2;-48,6	-21,8;-48,6	-22,2;-48,2	-21,8;-48,2	-22,2;-47,8																																																																																																											
ILHA SOLTEIRA	ETA40	-18,6;-52,6	-19;-52,2	-20,2;-51,8	-19,8;-51,8	-19,4;-51,8	-19;-51,8	-18,6;-51,8	-20,2;-51,4	-19,8;-51,4	-19,4;-51,4	-19;-51,4	-21;-51	-20,6;-51	-20,2;-51	-19,8;-51	-19,4;-51	-21;-50,6	-20,6;-50,6	-20,2;-50,6	-19,8;-50,6	-19,4;-50,6	-21;-50,2	-20,6;-50,2	-19,4;-50,2	-20,6;-49,8	-19,4;-49,8																																																																																										
ITAGUAGÉ	ETA40	-23;-51,8	-23,4;-51,8																																																																																																																		
ITAIPU	ETA40	-22,6;-53	-22,6;-53,4	-22,6;-53,8	-22,6;-54,2	-23;-53,4	-23;-53,8	-23;-54,2	-23,4;-53,4	-23,4;-53,8	-23,4;-54,2	-23,4;-54,6	-23,8;-53,4	-23,8;-53,8	-23,8;-54,2	-23,8;-54,6	-24,2;-53,8	-24,2;-54,2	-24,2;-54,6	-24,2;-55	-24,6;-53,8	-24,6;-54,2	-24,6;-54,6	-24,6;-55	-25;-53,8	-25;-54,2	-25;-54,6	-25,4;-54,6																																																																																									
ITUMBIARA	ETA40	-17,4;-49	-17,8;-47,8	-17,8;-48,2	-17,8;-49	-18,2;-48,2	-18,2;-48,6	-18,2;-49	-18,6;-48,2	-18,6;-48,6	-19;-47,8	-19;-48,2	-19,4;-47,8																																																																																																								
IVINHEMA	ETA40	-21;-55	-21,4;-54,6	-21,4;-55	-21,4;-55,4	-21,8;-53,4	-21,8;-53,8	-21,8;-54,2	-21,8;-54,6	-21,8;-55	-21,8;-55,4	-22,2;-53,4	-22,2;-53,8	-22,2;-54,2	-22,2;-54,6	-22,2;-55	-22,2;-55,4	-22,2;-55,8	-22,6;-54,6																																																																																																		
JATAIZINHO	ETA40	-23,4;-51	-23,4;-51,4	-23,8;-50,6	-23,8;-51	-24,2;-50,6	-24,2;-51																																																																																																														
JORDÃO SEGREDO	ETA40	-25,8;-51,8	-26,2;-51,8	-26,2;-52,2																																																																																																																	
JUPIÁ	ETA40	-19,4;-53	-19;-53	-18,6;-53	-20,2;-52,6	-19,8;-52,6	-19,4;-52,6	-19;-52,6	-20,6;-52,2	-20,2;-52,2	-19,8;-52,2	-19,4;-52,2	-20,6;-51,8	-20,6;-51,4																																																																																																							
JURUMIRIM	ETA40	-23,4;-48,2	-23,4;-48,6	-23,4;-49	-23,8;-48,6	-23,8;-49	-24,2;-48,6	-24,2;-49																																																																																																													
MACHADINHO	ETA40	-27,4;-51,4	-27,8;-51,4	-27,8;-51,8	-28,2;-51,4																																																																																																																
MARIMBONDO	ETA40	-19,8;-48,6	-20,2;-48,6	-20,2;-49	-20,6;-48,2	-20,6;-48,6	-21;-47,8	-21;-48,2	-21,4;-47	-21,4;-47,4	-21,8;-47																																																																																																										
MONJOLINHO	ETA40	-27,8;-52,6																																																																																																																			
N. AVANHANDAVA	ETA40	-21,4;-50,2	-21,4;-49,8	-21;-49,8	-21,8;-49,4	-21,4;-49,4	-21;-49,4	-21,4;-49	-21,4;-48,6																																																																																																												
NOVA PONTE	ETA40	-19;-47	-19,4;-46,2	-19,4;-46,6	-19,4;-47	-19,4;-47,4	-19,8;-46,6	-19,8;-47																																																																																																													
OLARIA DOS PADRES	ETA40	-24,2;-49,4																																																																																																																			
PARAGUAÇU	ETA40	-21,8;-45,8	-22,2;-45,8	-22,2;-46,2	-22,6;-45,4	-22,6;-45,8																																																																																																															
PASSAGEM	ETA40	-21,4;-47,8	-21,4;-48,2	-21,8;-47,4	-21,8;-47,8	-22,2;-46,6	-22,2;-47	-22,2;-47,4	-22,6;-46,2	-22,6;-46,6																																																																																																											
PASSO SÃO JOÃO	ETA40	-28,2;-55	-28,2;-54,6	-28,6;-54,2	-28,2;-54,2	-29;-53,8	-28,6;-53,8	-28,2;-53,8	-28,2;-53,4																																																																																																												
PORTO COLÔMBIA	ETA40	-19,8;-47,4	-19,8;-47,8	-19,8;-48,2	-20,2;-47	-20,2;-47,4	-20,2;-47,8	-20,2;-48,2	-20,6;-46,6	-20,6;-47	-21;-46,6																																																																																																										
PORTO DOS BUENOS	ETA40	-21,8;-45	-21,8;-45,4	-22,2;-45	-22,2;-45,4																																																																																																																
PORTO PRIMAVERA	ETA40	-22,2;-53	-22,2;-52,6	-21,8;-52,6	-21,4;-52,6	-22,2;-52,2	-21,8;-52,2	-21,4;-52,2	-21,8;-51,8	-21,4;-51,8	-21;-51,8	-22,2;-51,4	-21,8;-51,4	-21,4;-51,4	-21;-51,4	-22,2;-51	-21,8;-51	-21,4;-51	-22,2;-50,6	-21,8;-50,6	-21,4;-50,6	-22,2;-50,2	-21,8;-50,2	-22,2;-49,8	-21,8;-49,8																																																																																												
PORTO TAQUARA	ETA40	-23;-52,6	-23;-53	-23,4;-52,2	-23,4;-52,6	-23,4;-53	-23,8;-51,4	-23,8;-51,8	-23,8;-52,2	-23,8;-52,6	-25,4;-51	-24,2;-51,4	-24,2;-51,8	-24,2;-52,2	-24,6;-51	-24,6;-51,4	-24,6;-51,8	-24,6;-52,2	-25;-51	-25;-51,4																																																																																																	
PORTO VELHO	ETA40	-19,8;-53,8	-19,4;-53,8	-20,2;-53,4	-19,8;-53,4	-19,4;-53,4	-19;-53,4	-20,6;-53	-20,2;-53	-19,8;-53	-21;-52,6	-20,6;-52,6	-21;-52,2																																																																																																								
QUEBRA QUEIXO	ETA40	-26,6;-52,2	-26,6;-51,8																																																																																																																		
RIO VERDE	ETA40	-16,6;-49,4	-16,6;-49,8	-16,6;-50,2	-17;-49,8	-17;-50,2	-17;-50,6	-17;-51	-17,4;-49,8	-17,4;-50,2	-17,4;-50,6	-17,4;-51	-17,4;-51,4	-17,8;-49,8	-17,8;-50,2	-17,8;-50,6	-17,8;-51																																																																																																				
ROSANA	ETA40	-22,2;-51,8	-22,6;-51,4	-22,6;-51,8	-22,6;-52,2	-22,6;-52,6	-23;-52,2																																																																																																														
SALTO CAXIAS	ETA40	-25,4;-52,2	-25,4;-52,6	-25,4;-53	-25,4;-53,4	-25,8;-52,2	-25,8;-52,6	-25,8;-53	-26,2;-52,6	-26,2;-53																																																																																																											
SALTO R. VERDINHO	ETA40	-18,2;-52,6	-17,8;-52,6	-18,2;-52,2	-18,2;-51,8	-18,6;-51,4	-19;-51																																																																																																														
SANTA CLARA	ETA40	-25,4;-51,4	-25,4;-51,8																																																																																																																		
SANTA CRUZ	ETA40	-23;-48,6	-23;-49	-23;-49,4																																																																																																																	
SÃO FRANCISCO	ETA40	-15;-46,2	-15,4;-45,8	-15,4;-46,2	-15,4;-46,6	-15,8;-45,4	-15,8;-45,8	-15,8;-46,2	-15,8;-46,6	-16,2;-44,6	-16,2;-45	-16,2;-45,4	-16,2;-45,8	-16,2;-46,2	-16,2;-46,6	-16,6;-45,8	-16,6;-46,2																																																																																																				
SÃO ROMÃO	ETA40	-15,8;-47	-15,8;-47,4	-16,2;-47	-16,6;-44,2	-16,6;-44,6	-16,6;-45	-16,6;-45,4	-16,6;-46,6	-16,6;-47	-17;-43,8	-17;-44,2	-17;-44,6	-17;-45	-17;-45,4	-17;-45,8	-17;-46,2	-17;-46,6	-17;-47	-17,4;-43,8	-17,4;-44,2	-17,4;-44,6	-17,4;-45	-17,4;-45,4	-17,4;-45,8	-17,4;-46,2	-17,4;-46,6	-17,4;-47	-17,8;-43,8	-17,8;-44,2	-17,8;-44,6	-17,8;-45	-17,8;-45,4	-17,8;-45,8	-17,8;-46,2	-17,8;-46,6	-17,8;-47	-18,2;-43,8	-18,2;-44,2	-18,2;-44,6	-18,2;-45	-18,2;-45,8	-18,2;-46,2	-18,2;-46,6	-18,6;-43,8	-18,6;-44,2	-18,6;-44,6	-18,6;-45,8	-18,6;-46,2	-19;-43,8	-19;-44,2	-19;-46,2	-19,4;-43,8	-19,4;-44,2	-19,8;-43,8	-20,2;-43,8																																																													
SÃO SIMÃO	ETA40	-16,2;-49,4	-16,6;-49	-17;-49	-17;-49,4	-17,4;-49,4	-17,8;-49,4	-18,2;-49,4	-18,2;-49,8	-18,2;-50,2	-18,2;-50,6	-18,2;-51	-18,6;-49	-18,6;-49,4	-18,6;-49,8	-18,6;-50,2	-18,6;-50,6	-19;-48,6	-19;-49	-19;-49,4	-19;-49,8	-19;-50,2	-19,4;-48,2	-19,4;-48,6	-19,4;-49	-19,4;-49,4																																																																																											
SERRA DO FACÃO	ETA40	-16,6;-47,4	-17;-47,4	-17,4;-47,4	-17,4;-47,8																																																																																																																
TELEMACO BORBA	ETA40	-24,6;-49,8	-24,6;-50,2	-24,6;-50,6	-25;-50,2	-25;-50,6	-25,4;-49,8	-25,4;-50,2	-25,4;-50,6																																																																																																												
TRÊS MARIAS	ETA40	-18,2;-45,4	-18,6;-45	-18,6;-45,4	-19;-44,6	-19;-45	-19;-45,4	-19;-45,8	-19,4;-44,6	-19,4;-45	-19,4;-45,4	-19,4;-45,8	-19,8;-44,2	-19,8;-44,6	-19,8;-45	-19,8;-45,4	-19,8;-45,8	-19,8;-46,2	-20,2;-44,2	-20,2;-44,6	-20,2;-45	-20,2;-45,4	-20,2;-45,8	-20,2;-46,2	-20,2;-46,6	-20,6;-43,8	-20,6;-44,2	-20,6;-44,6	-20,6;-45																																																																																								
UNIÃO DA VITÓRIA	ETA40	-25,4;-49	-25,4;-49,4	-25,8;-49,4	-25,8;-49,8	-25,8;-50,2	-25,8;-50,6	-25,8;-51	-26,2;-49,4	-26,2;-49,8	-26,2;-50,2	-26,2;-50,6	-26,2;-51	-26,6;-50,6	-26,6;-51																																																																																																						
GR1	GEFS	-21;-44	-22;-44	-22;-45	-23;-46																																																																																																																
GR2	GEFS	-21;-45	-21;-46	-22;-46																																																																																																																	
GR3	GEFS	-20;-48	-20;-49	-21;-47	-21;-48																																																																																																																
GR4	GEFS	-20;-50	-21;-49	-22;-47																																																																																																																	
IG1	GEFS	-26;-49	-26;-50																																																																																																																		
IG2	GEFS	-26;-51	-26;-52	-26;-53																																																																																																																	
IT1	GEFS	-21;-55	-22;-54	-22;-55																																																																																																																	
IT2	GEFS	-23;-53	-24;-52	-25;-51																																																																																																																	
IT3	GEFS	-24;-53	-25;-52	-25;-53																																																																																																																	
IT4	GEFS	-23;-54	-23;-55	-24;-54	-24;-55	-25;-54	-25;-55																																																																																																														
PN1	GEFS	-17;-47	-18;-47	-19;-47	-20;-47																																																																																																																
PN2	GEFS	-16;-48	-17;-48																																																																																																																		
PN3	GEFS	-18;-48	-18;-49	-19;-48																																																																																																																	
PN4	GEFS	-17;-50	-17;-51	-18;-51																																																																																																																	
PN5	GEFS	-17;-49	-18;-50	-19;-49	-19;-50																																																																																																																
PN6	GEFS	-18;-52	-18;-53	-19;-51																																																																																																																	
PP1	GEFS	-24;-48	-24;-49	-24;-50																																																																																																																	
PP2	GEFS	-23;-49	-23;-50																																																																																																																		
PP3	GEFS	-24;-51	-25;-50																																																																																																																		
PP4	GEFS	-23;-51	-23;-52																																																																																																																		
PR1	GEFS	-19;-52	-20;-51	-21;-51																																																																																																																	
PR2	GEFS	-19;-53	-20;-53	-20;-52																																																																																																																	
PR3	GEFS	-20;-54	-21;-54	-21;-53																																																																																																																	
PR4	GEFS	-22;-53	-21;-52	-22;-52	-22;-51	-22;-50																																																																																																															
SF1	GEFS	-19;-45	-19;-46	-20;-44	-20;-45	-20;-46																																																																																																															
SF2	GEFS	-16;-47	-17;-44	-17;-45	-17;-46	-18;-44	-18;-45	-18;-46	-19;-44																																																																																																												
SF3	GEFS	-15;-46	-16;-45	-16;-46																																																																																																																	
TI1	GEFS	-23;-48	-23;-47	-24;-47																																																																																																																	
TI2	GEFS	-21;-50	-22;-49	-22;-48																																																																																																																	
UR1	GEFS	-27;-51	-28;-50	-28;-51																																																																																																																	
UR2	GEFS	-27;-52	-27;-53	-28;-52																																																																																																																	
UR3	GEFS	-28;-53	-28;-54	-28;-55	-29;-54																																																																																																																
#PARAMETROS	MODELO	A1	A2	A3	A4	A5	A6	A7	A8	A9	A10	A11	A12	B1	B2	B3	B4	B5	B6	B7	B8	B9	B10	B11	B12	LIM1	LIM2	LIM3	LIM4	LIM5	LIM6	LIM7	LIM8	LIM9	LIM10	LIM11	LIM12																			
SERRA DA MESA	ETA40	0,00129	0,00129	0,00140	0,00140	0,00155	0,00155	0,00155	0,00155	0,00182	0,00182	0,00182	0,00129	 0,60658 	 0,60658 	 0,49445 	 0,49445 	 0,52172 	 0,52172 	 0,52172 	 0,52172 	 0,57103 	 0,57103 	 0,57103 	 0,60658 	 305,0 	 305,0 	 361,1 	 361,1 	 308,6 	 308,6 	 308,6 	 308,6 	 235,7 	 235,7 	 235,7 	 305,0 																			
BARRA DO PALMA	ETA40	-0,00098	-0,00098	-0,00197	-0,00197	0,08167	0,08167	0,08167	0,08167	0,00103	0,00103	0,00103	-0,00098	 0,79565 	 0,79565 	 0,96739 	 0,96739 	 0,04312 	 0,04312 	 0,04312 	 0,04312 	 0,64024 	 0,64024 	 0,64024 	 0,79565 	 1.000,0 	 1.000,0 	 1.000,0 	 1.000,0 	 11,7 	 11,7 	 11,7 	 11,7 	 349,3 	 349,3 	 349,3 	 1.000,0 																			
LAJEADO	ETA40	-0,00137	-0,00137	-0,00369	-0,00369	0,00000	0,00000	0,00000	0,00000	-0,00155	-0,00155	-0,00155	-0,00137	 1,06008 	 1,06008 	 1,29254 	 1,29254 	 1,00000 	 1,00000 	 1,00000 	 1,00000 	 1,02025 	 1,02025 	 1,02025 	 1,06008 	 43,9 	 43,9 	 79,3 	 79,3 	 1.000,0 	 1.000,0 	 1.000,0 	 1.000,0 	 13,1 	 13,1 	 13,1 	 43,9 																			
PORTO REAL	ETA40	-0,00402	-0,00402	-0,00303	-0,00303	0,01194	0,01194	0,01194	0,01194	-0,00790	-0,00790	-0,00790	-0,00402	 1,56701 	 1,56701 	 1,29110 	 1,29110 	 0,88699 	 0,88699 	 0,88699 	 0,88699 	 1,69733 	 1,69733 	 1,69733 	 1,56701 	 141,0 	 141,0 	 96,1 	 96,1 	 9,5 	 9,5 	 9,5 	 9,5 	 88,3 	 88,3 	 88,3 	 141,0 																			
ESTREITO	ETA40	-0,00289	-0,00289	-0,00278	-0,00278	-0,01114	-0,01114	-0,01114	-0,01114	-0,00547	-0,00547	-0,00547	-0,00289	 1,40124 	 1,40124 	 1,26218 	 1,26218 	 1,52607 	 1,52607 	 1,52607 	 1,52607 	 1,78026 	 1,78026 	 1,78026 	 1,40124 	 138,8 	 138,8 	 94,3 	 94,3 	 47,2 	 47,2 	 47,2 	 47,2 	 142,6 	 142,6 	 142,6 	 138,8 																			
TUCURUI	ETA40	0,00042	0,00042	-0,00035	-0,00035	0,00669	0,00669	0,00669	0,00669	-0,00403	-0,00403	-0,00403	0,00042	 0,89259 	 0,89259 	 1,06185 	 1,06185 	 0,56516 	 0,56516 	 0,56516 	 0,56516 	 1,37441 	 1,37441 	 1,37441 	 0,89259 	 255,7 	 255,7 	 176,7 	 176,7 	 65,0 	 65,0 	 65,0 	 65,0 	 92,9 	 92,9 	 92,9 	 255,7 																			
TRECHO MÉDIO	ETA40	0,00286	0,00286	0,00352	0,00352	0,00091	0,00091	0,00091	0,00091	0,00070	0,00070	0,00070	0,00070	 0,63913 	 0,63913 	 0,46300 	 0,46300 	 0,90743 	 0,90743 	 0,90743 	 0,90743 	 0,70053 	 0,70053 	 0,70053 	 0,70053 	 1.000,0 	 1.000,0 	 152,6 	 152,6 	 101,7 	 101,7 	 101,7 	 101,7 	 427,8 	 427,8 	 427,8 	 427,8 																			
BANDEIRANTES	ETA40	0,00168	0,00168	0,00276	0,00276	-0,00062	-0,00062	-0,00062	-0,00062	0,00062	0,00062	0,00062	0,00062	 0,63666 	 0,63666 	 0,46734 	 0,46734 	 0,68586 	 0,68586 	 0,68586 	 0,68586 	 0,65516 	 0,65516 	 0,65516 	 0,65516 	 216,3 	 216,3 	 193,0 	 193,0 	 1.000,0 	 1.000,0 	 1.000,0 	 1.000,0 	 556,2 	 556,2 	 556,2 	 556,2 																			
CONC.ARAGUAIA	ETA40	-0,00054	-0,00054	-0,00110	-0,00110	-0,00110	0,01543	0,01543	0,01543	0,01543	-0,00336	-0,00336	-0,00054	 0,98442 	 0,98442 	 0,89792 	 0,89792 	 0,89792 	 0,48665 	 0,48665 	 0,48665 	 0,48665 	 1,28614 	 1,28614 	 0,98442 	 1.000,0 	 1.000,0 	 1.000,0 	 1.000,0 	 1.000,0 	 33,3 	 33,3 	 33,3 	 33,3 	 1.000,0 	 1.000,0 	 1.000,0 																			
TRÊS MARIAS	ETA40	0,00236	0,00236	0,00171	0,00171	0,00899	0,00899	0,00899	0,00899	0,00156	0,00156	0,00156	0,00236	 0,39364 	 0,39364 	 0,47449 	 0,47449 	 0,31704 	 0,31704 	 0,31704 	 0,31704 	 0,54238 	 0,54238 	 0,54238 	 0,39364 	 256,9 	 256,9 	 307,3 	 307,3 	 76,0 	 76,0 	 76,0 	 76,0 	 293,3 	 293,3 	 293,3 	 256,9 																			
SÃO ROMÃO	ETA40	0,00100	0,00100	0,00119	0,00119	0,00683	0,00683	0,00683	0,00683	0,00008	0,00008	0,00008	0,00100	 0,57696 	 0,57696 	 0,48404 	 0,48404 	 0,31257 	 0,31257 	 0,31257 	 0,31257 	 0,76330 	 0,76330 	 0,76330 	 0,57696 	 423,0 	 423,0 	 433,6 	 433,6 	 100,6 	 100,6 	 100,6 	 100,6 	 2.958,8 	 2.958,8 	 2.958,8 	 423,0 																			
SÃO FRANCISCO	ETA40	0,00144	0,00144	0,00206	0,00206	-0,00229	-0,00229	-0,00229	-0,00229	0,00163	0,00163	0,00163	0,00144	 0,50914 	 0,50914 	 0,38018 	 0,38018 	 0,50642 	 0,50642 	 0,50642 	 0,50642 	 0,54474 	 0,54474 	 0,54474 	 0,50914 	 340,9 	 340,9 	 300,9 	 300,9 	 1.000,0 	 1.000,0 	 1.000,0 	 1.000,0 	 279,3 	 279,3 	 279,3 	 340,9 																			
SERRA DO FACÃO	ETA40	0,00070	0,00223	0,00223	0,00223	0,01935	0,01935	0,01935	0,01935	0,00024	0,00024	0,00024	0,00070	 0,64352 	 0,53885 	 0,53885 	 0,53885 	-0,02213 	-0,02213 	-0,02213 	-0,02213 	 0,77917 	 0,77917 	 0,77917 	 0,64352 	 509,3 	 206,8 	 206,8 	 206,8 	 52,8 	 52,8 	 52,8 	 52,8 	 1.000,0 	 1.000,0 	 1.000,0 	 509,3 																			
EMBORCAÇÃO	ETA40	0,00191	0,00164	0,00164	0,00164	0,00088	0,00088	0,00088	0,00088	0,00103	0,00103	0,00103	0,00191	 0,54454 	 0,55980 	 0,55980 	 0,55980 	 0,49313 	 0,49313 	 0,49313 	 0,49313 	 0,68463 	 0,68463 	 0,68463 	 0,54454 	 238,5 	 268,4 	 268,4 	 268,4 	 576,0 	 576,0 	 576,0 	 576,0 	 1.000,0 	 1.000,0 	 1.000,0 	 238,5 																			
NOVA PONTE	ETA40	0,00241	0,00403	0,00403	0,00403	-0,00400	-0,00400	-0,00400	-0,00400	0,00476	0,00476	0,00476	0,00241	 0,59290 	 0,38246 	 0,38246 	 0,38246 	 0,94260 	 0,94260 	 0,94260 	 0,94260 	 0,42465 	 0,42465 	 0,42465 	 0,59290 	 168,9 	 153,2 	 153,2 	 153,2 	 1.000,0 	 1.000,0 	 1.000,0 	 1.000,0 	 120,9 	 120,9 	 120,9 	 168,9 																			
CORUMBÁ IV	ETA40	0,00649	0,00839	0,00839	0,00839	0,01169	0,01169	0,01169	0,01169	0,00083	0,00083	0,00083	0,00649	 0,11715 	 0,20668 	 0,20668 	 0,20668 	 0,44766 	 0,44766 	 0,44766 	 0,44766 	 0,66955 	 0,66955 	 0,66955 	 0,11715 	 1.000,0 	 1.000,0 	 1.000,0 	 1.000,0 	 47,2 	 47,2 	 47,2 	 47,2 	 1.000,0 	 1.000,0 	 1.000,0 	 1.000,0 																			
CORUMBÁ I	ETA40	0,00120	0,00309	0,00309	0,00309	0,01587	0,01587	0,01587	0,01587	0,00045	0,00045	0,00045	0,00120	 0,66600 	 0,53552 	 0,53552 	 0,53552 	 0,08334 	 0,08334 	 0,08334 	 0,08334 	 0,72798 	 0,72798 	 0,72798 	 0,66600 	 278,3 	 150,3 	 150,3 	 150,3 	 57,8 	 57,8 	 57,8 	 57,8 	 1.000,0 	 1.000,0 	 1.000,0 	 278,3 																			
ITUMBIARA	ETA40	0,00041	0,00453	0,00453	0,00453	0,00596	0,00596	0,00596	0,00596	0,00015	0,00015	0,00015	0,00041	 0,69701 	 0,40439 	 0,40439 	 0,40439 	 0,35322 	 0,35322 	 0,35322 	 0,35322 	 0,64064 	 0,64064 	 0,64064 	 0,69701 	 739,0 	 131,5 	 131,5 	 131,5 	 108,5 	 108,5 	 108,5 	 108,5 	 1.000,0 	 1.000,0 	 1.000,0 	 739,0 																			
RIO VERDE	ETA40	-0,00021	0,00160	0,00160	0,00160	0,00806	0,00806	0,00806	0,00806	0,00044	0,00044	0,00044	-0,00021	 0,82558 	 0,65810 	 0,65810 	 0,65810 	 0,14201 	 0,14201 	 0,14201 	 0,14201 	 0,68417 	 0,68417 	 0,68417 	 0,82558 	 1.000,0 	 213,7 	 213,7 	 213,7 	 106,5 	 106,5 	 106,5 	 106,5 	 717,8 	 717,8 	 717,8 	 1.000,0 																			
SÃO SIMÃO	ETA40	-0,00043	0,00283	0,00283	0,00283	0,01307	0,01307	0,01307	0,01307	0,00031	0,00031	0,00031	-0,00043	 0,95452 	 0,66002 	 0,66002 	 0,66002 	 0,14838 	 0,14838 	 0,14838 	 0,14838 	 0,76227 	 0,76227 	 0,76227 	 0,95452 	 1.000,0 	 120,1 	 120,1 	 120,1 	 65,2 	 65,2 	 65,2 	 65,2 	 766,9 	 766,9 	 766,9 	 1.000,0 																			
SALTO R. VERDINHO	ETA40	0,00194	0,00515	0,00515	0,00515	0,01860	0,01860	0,01860	0,01860	0,00480	0,00480	0,00480	0,00194	 0,63025 	 0,65805 	 0,65805 	 0,65805 	-0,02240 	-0,02240 	-0,02240 	-0,02240 	 0,29524 	 0,29524 	 0,29524 	 0,63025 	 190,6 	 1.000,0 	 1.000,0 	 1.000,0 	 55,0 	 55,0 	 55,0 	 55,0 	 146,8 	 146,8 	 146,8 	 190,6 																			
FOZ DO RIO CLARO	ETA40	-0,00021	-0,00078	-0,00078	0,00973	0,00973	0,00973	0,00973	0,00973	0,00325	0,00325	0,00325	-0,00021	 0,82103 	 1,25370 	 1,25370 	 0,12218 	 0,12218 	 0,12218 	 0,12218 	 0,12218 	 0,40983 	 0,40983 	 0,40983 	 0,82103 	 1.000,0 	 325,3 	 325,3 	 90,2 	 90,2 	 90,2 	 90,2 	 90,2 	 181,6 	 181,6 	 181,6 	 1.000,0 																			
ESPORA	ETA40	0,00000	0,00784	0,00784	0,00784	0,02678	0,02678	0,02678	0,02678	0,00324	0,00324	0,00000	0,00000	 1,00000 	 0,58077 	 0,58077 	 0,58077 	-0,21557 	-0,21557 	-0,21557 	-0,21557 	 0,62194 	 0,62194 	 1,00000 	 1,00000 	 1.000,0 	 53,5 	 53,5 	 53,5 	 45,4 	 45,4 	 45,4 	 45,4 	 116,7 	 116,7 	 1.000,0 	 1.000,0 																			
CAMARGOS	ETA40	0,00806	0,00244	0,00244	0,00244	0,00660	0,00660	0,00660	0,00660	0,00432	0,00432	0,00432	0,00806	 0,01218 	 0,65662 	 0,65662 	 0,65662 	 0,41491 	 0,41491 	 0,41491 	 0,41491 	 0,40059 	 0,40059 	 0,40059 	 0,01218 	 1.000,0 	 140,7 	 140,7 	 140,7 	 88,7 	 88,7 	 88,7 	 88,7 	 138,8 	 138,8 	 138,8 	 1.000,0 																			
FUNIL	ETA40	0,00540	0,00656	0,00656	0,00656	0,00114	0,00114	0,00114	0,00114	0,00293	0,00293	0,00293	0,00540	 0,13351 	 0,27233 	 0,27233 	 0,27233 	 0,58897 	 0,58897 	 0,58897 	 0,58897 	 0,40539 	 0,40539 	 0,40539 	 0,13351 	 160,5 	 110,9 	 110,9 	 110,9 	 360,6 	 360,6 	 360,6 	 360,6 	 202,9 	 202,9 	 202,9 	 160,5 																			
PORTO DOS BUENOS	ETA40	0,00179	0,00150	0,00150	0,00150	-0,00041	-0,00041	-0,00041	-0,00041	0,00196	0,00196	0,00196	0,00179	 0,46540 	 0,58982 	 0,58982 	 0,58982 	 0,50992 	 0,50992 	 0,50992 	 0,50992 	 0,44695 	 0,44695 	 0,44695 	 0,46540 	 298,7 	 273,5 	 273,5 	 273,5 	 1.000,0 	 1.000,0 	 1.000,0 	 1.000,0 	 282,2 	 282,2 	 282,2 	 298,7 																			
PARAGUAÇU	ETA40	0,00234	0,00652	0,00652	0,00652	0,00291	0,00291	0,00291	0,00291	0,00157	0,00157	0,00157	0,00234	 0,52661 	 0,33142 	 0,33142 	 0,33142 	 0,33719 	 0,33719 	 0,33719 	 0,33719 	 0,47513 	 0,47513 	 0,47513 	 0,52661 	 202,3 	 102,5 	 102,5 	 102,5 	 227,8 	 227,8 	 227,8 	 227,8 	 334,3 	 334,3 	 334,3 	 202,3 																			
FURNAS	ETA40	0,00121	0,00259	0,00259	0,00259	0,00242	0,00242	0,00242	0,00242	0,00242	0,00242	0,00242	0,00121	 0,50261 	 0,46594 	 0,46594 	 0,46594 	 0,38849 	 0,38849 	 0,38849 	 0,38849 	 0,37713 	 0,37713 	 0,37713 	 0,50261 	 411,1 	 206,2 	 206,2 	 206,2 	 252,7 	 252,7 	 252,7 	 252,7 	 257,4 	 257,4 	 257,4 	 411,1 																			
FAZ. CAPÃO ESCURO	ETA40	0,00037	0,00061	0,00061	0,00061	0,00545	0,00545	0,00545	0,00545	0,00275	0,00275	0,00275	0,00037	 0,74686 	 0,69895 	 0,69895 	 0,69895 	 0,26664 	 0,26664 	 0,26664 	 0,26664 	 0,51620 	 0,51620 	 0,51620 	 0,74686 	 684,2 	 493,5 	 493,5 	 493,5 	 134,6 	 134,6 	 134,6 	 134,6 	 175,9 	 175,9 	 175,9 	 684,2 																			
PORTO COLÔMBIA	ETA40	0,00057	0,00091	0,00091	0,00091	0,00726	0,00726	0,00726	0,00726	0,00076	0,00076	0,00076	0,00057	 0,71566 	 0,72545 	 0,72545 	 0,72545 	 0,27384 	 0,27384 	 0,27384 	 0,27384 	 0,67044 	 0,67044 	 0,67044 	 0,71566 	 498,8 	 301,7 	 301,7 	 301,7 	 100,0 	 100,0 	 100,0 	 100,0 	 433,6 	 433,6 	 433,6 	 498,8 																			
EUC. DA CUNHA	ETA40	0,00039	0,00711	0,00711	0,00711	-0,00243	-0,00243	-0,00243	-0,00243	0,00104	0,00104	0,00104	0,00039	 0,83310 	 0,31458 	 0,31458 	 0,31458 	 0,69956 	 0,69956 	 0,69956 	 0,69956 	 0,61715 	 0,61715 	 0,61715 	 0,83310 	 427,9 	 96,4 	 96,4 	 96,4 	 1.000,0 	 1.000,0 	 1.000,0 	 1.000,0 	 368,1 	 368,1 	 368,1 	 427,9 																			
PASSAGEM	ETA40	-0,00044	0,00132	0,00132	0,00132	0,00456	0,00456	0,00456	0,00456	0,00334	0,00334	0,00334	-0,00044	 0,75080 	 0,59618 	 0,59618 	 0,59618 	 0,37117 	 0,37117 	 0,37117 	 0,37117 	 0,49675 	 0,49675 	 0,49675 	 0,75080 	 1.000,0 	 305,9 	 305,9 	 305,9 	 137,9 	 137,9 	 137,9 	 137,9 	 150,7 	 150,7 	 150,7 	 1.000,0 																			
MARIMBONDO	ETA40	-0,00060	0,00148	0,00148	0,00148	0,00367	0,00367	0,00367	0,00367	0,00135	0,00135	0,00135	-0,00060	 0,76426 	 0,53053 	 0,53053 	 0,53053 	 0,64455 	 0,64455 	 0,64455 	 0,64455 	 0,54956 	 0,54956 	 0,54956 	 0,76426 	 1.000,0 	 317,2 	 317,2 	 317,2 	 96,9 	 96,9 	 96,9 	 96,9 	 333,7 	 333,7 	 333,7 	 1.000,0 																			
ÁGUA VERMELHA	ETA40	0,00112	0,00105	0,00105	0,00105	-0,04105	-0,04105	-0,04105	-0,04105	0,00172	0,00172	0,00172	0,00112	 0,58348 	 0,68752 	 0,68752 	 0,68752 	 2,09049 	 2,09049 	 2,09049 	 2,09049 	 0,58270 	 0,58270 	 0,58270 	 0,58348 	 371,9 	 297,6 	 297,6 	 297,6 	 26,6 	 26,6 	 26,6 	 26,6 	 242,6 	 242,6 	 242,6 	 371,9 																			
EDGARD DE SOUZA	ETA40	0,00157	-0,00027	-0,00027	-0,00027	0,00301	0,00301	0,00301	0,00301	0,00011	0,00011	0,00011	0,00157	 0,60479 	 0,69718 	 0,69718 	 0,69718 	 0,51668 	 0,51668 	 0,51668 	 0,51668 	 0,67047 	 0,67047 	 0,67047 	 0,60479 	 251,7 	 1.000,0 	 1.000,0 	 1.000,0 	 160,6 	 160,6 	 160,6 	 160,6 	 1.000,0 	 1.000,0 	 1.000,0 	 251,7 																			
BARRA BONITA	ETA40	0,00071	-0,00116	-0,00116	-0,00116	0,00480	0,00480	0,00480	0,00480	-0,00004	-0,00004	-0,00004	0,00071	 0,69458 	 0,84909 	 0,84909 	 0,84909 	 0,37299 	 0,37299 	 0,37299 	 0,37299 	 0,55379 	 0,55379 	 0,55379 	 0,69458 	 430,2 	 1.000,0 	 1.000,0 	 1.000,0 	 130,6 	 130,6 	 130,6 	 130,6 	 1.000,0 	 1.000,0 	 1.000,0 	 430,2 																			
IBITINGA	ETA40	0,00067	0,00067	0,00067	0,00067	0,00000	0,00000	0,00466	0,00466	0,00466	-0,00041	-0,00041	-0,00041	 0,69487 	 0,69487 	 0,69487 	 0,69487 	 1,00000 	 1,00000 	 0,35772 	 0,35772 	 0,35772 	 0,70130 	 0,70130 	 0,70130 	 455,4 	 455,4 	 455,4 	 455,4 	 1.000,0 	 1.000,0 	 137,8 	 137,8 	 137,8 	 1.000,0 	 1.000,0 	 1.000,0 																			
N. AVANHANDAVA	ETA40	0,00287	0,00287	0,00287	0,00287	-0,00267	-0,00267	0,01245	0,01245	0,01245	0,00177	0,00177	0,00177	 0,58150 	 0,58150 	 0,58150 	 0,58150 	 0,80459 	 0,80459 	-0,01169 	-0,01169 	-0,01169 	 0,54535 	 0,54535 	 0,54535 	 145,8 	 145,8 	 145,8 	 145,8 	 1.000,0 	 1.000,0 	 81,3 	 81,3 	 81,3 	 256,9 	 256,9 	 256,9 																			
CAMP. M. ALEGRE	ETA40	0,00067	0,00103	0,00103	0,00474	0,00474	0,00474	0,00240	0,00240	0,00240	0,00240	0,00240	0,00067	 0,59554 	 0,58920 	 0,58920 	 0,56715 	 0,56715 	 0,56715 	 0,50269 	 0,50269 	 0,50269 	 0,50269 	 0,50269 	 0,59554 	 603,7 	 398,8 	 398,8 	 91,3 	 91,3 	 91,3 	 207,2 	 207,2 	 207,2 	 207,2 	 207,2 	 603,7 																			
JURUMIRIM	ETA40	-0,00031	-0,00105	-0,00105	0,00372	0,00372	0,00372	0,00048	0,00048	0,00048	0,00048	0,00048	-0,00031	 0,74311 	 0,88036 	 0,88036 	 0,71951 	 0,71951 	 0,71951 	 0,71442 	 0,71442 	 0,71442 	 0,71442 	 0,71442 	 0,74311 	 1.000,0 	 1.000,0 	 1.000,0 	 75,4 	 75,4 	 75,4 	 595,0 	 595,0 	 595,0 	 595,0 	 595,0 	 1.000,0 																			
OLARIA DOS PADRES	ETA40	0,00278	-0,00085	-0,00085	0,00339	0,00339	0,00339	0,00093	0,00093	0,00093	0,00093	0,00093	0,00278	 0,43875 	 0,76658 	 0,76658 	 0,75216 	 0,75216 	 0,75216 	 0,58529 	 0,58529 	 0,58529 	 0,58529 	 0,58529 	 0,43875 	 201,9 	 1.000,0 	 1.000,0 	 73,1 	 73,1 	 73,1 	 445,9 	 445,9 	 445,9 	 445,9 	 445,9 	 201,9 																			
CHAVANTES	ETA40	-0,00077	-0,00117	-0,00117	0,00278	0,00278	0,00278	-0,00040	-0,00040	-0,00040	-0,00040	-0,00040	-0,00077	 0,77810 	 0,75210 	 0,75210 	 0,61726 	 0,61726 	 0,61726 	 0,70741 	 0,70741 	 0,70741 	 0,70741 	 0,70741 	 0,77810 	 1.000,0 	 1.000,0 	 1.000,0 	 137,7 	 137,7 	 137,7 	 1.000,0 	 1.000,0 	 1.000,0 	 1.000,0 	 1.000,0 	 1.000,0 																			
SANTA CRUZ	ETA40	-0,00029	-0,00042	-0,00042	0,00000	0,00000	0,00000	-0,00010	-0,00010	-0,00010	-0,00010	-0,00010	-0,00029	 0,81337 	 0,80879 	 0,80879 	 1,00000 	 1,00000 	 1,00000 	 0,81320 	 0,81320 	 0,81320 	 0,81320 	 0,81320 	 0,81337 	 1.000,0 	 1.000,0 	 1.000,0 	 1.000,0 	 1.000,0 	 1.000,0 	 1.000,0 	 1.000,0 	 1.000,0 	 1.000,0 	 1.000,0 	 1.000,0 																			
CANOAS I	ETA40	-0,00027	0,00056	0,00056	0,00000	0,00000	0,00000	0,00161	0,00161	0,00161	0,00161	0,00161	-0,00027	 0,66087 	 0,67206 	 0,67206 	 1,00000 	 1,00000 	 1,00000 	 0,70123 	 0,70123 	 0,70123 	 0,70123 	 0,70123 	 0,66087 	 1.000,0 	 585,6 	 585,6 	 1.000,0 	 1.000,0 	 1.000,0 	 185,6 	 185,6 	 185,6 	 185,6 	 185,6 	 1.000,0 																			
TELEMACO BORBA	ETA40	-0,00084	0,00077	0,00077	0,01345	0,01345	0,01345	0,00722	0,00722	0,00722	0,00722	0,00722	-0,00084	 0,89472 	 0,80104 	 0,80104 	 0,80347 	 0,80347 	 0,80347 	 0,28482 	 0,28482 	 0,28482 	 0,28482 	 0,28482 	 0,89472 	 1.000,0 	 258,4 	 258,4 	 1.000,0 	 1.000,0 	 1.000,0 	 99,1 	 99,1 	 99,1 	 99,1 	 99,1 	 1.000,0 																			
JATAIZINHO	ETA40	-0,00175	-0,00042	-0,00042	0,00366	0,00366	0,00366	0,00581	0,00581	0,00581	0,00581	0,00581	-0,00175	 1,04121 	 0,82508 	 0,82508 	 0,97279 	 0,97279 	 0,97279 	 0,38687 	 0,38687 	 0,38687 	 0,38687 	 0,38687 	 1,04121 	 1.000,0 	 1.000,0 	 1.000,0 	 1.000,0 	 1.000,0 	 1.000,0 	 105,5 	 105,5 	 105,5 	 105,5 	 105,5 	 1.000,0 																			
CAPIVARA	ETA40	-0,00094	-0,00137	-0,00137	0,00000	0,00000	0,00000	0,00573	0,00573	0,00573	0,00573	0,00573	-0,00094	 0,82876 	 0,84197 	 0,84197 	 1,00000 	 1,00000 	 1,00000 	 0,36460 	 0,36460 	 0,36460 	 0,36460 	 0,36460 	 0,82876 	 1.000,0 	 1.000,0 	 1.000,0 	 1.000,0 	 1.000,0 	 1.000,0 	 110,9 	 110,9 	 110,9 	 110,9 	 110,9 	 1.000,0 																			
ITAGUAGÉ	ETA40	-0,00049	-0,00087	-0,00087	0,00000	0,00000	0,00000	0,00807	0,00807	0,00807	0,00807	0,00807	-0,00049	 0,87613 	 0,76480 	 0,76480 	 1,00000 	 1,00000 	 1,00000 	 0,32177 	 0,32177 	 0,32177 	 0,32177 	 0,32177 	 0,87613 	 1.000,0 	 1.000,0 	 1.000,0 	 1.000,0 	 1.000,0 	 1.000,0 	 84,0 	 84,0 	 84,0 	 84,0 	 84,0 	 1.000,0 																			
ROSANA	ETA40	-0,00125	0,00105	0,00105	0,00234	0,00234	0,00234	0,00485	0,00485	0,00485	0,00485	0,00485	-0,00125	 1,01144 	 0,71802 	 0,71802 	 1,05149 	 1,05149 	 1,05149 	 0,55714 	 0,55714 	 0,55714 	 0,55714 	 0,55714 	 1,01144 	 1.000,0 	 268,6 	 268,6 	 1.000,0 	 1.000,0 	 1.000,0 	 91,3 	 91,3 	 91,3 	 91,3 	 91,3 	 1.000,0 																			
ILHA SOLTEIRA	ETA40	0,00221	0,00221	0,00221	0,00221	0,00838	0,00838	0,01332	0,01332	0,01332	-0,00025	-0,00025	-0,00025	 0,78945 	 0,78945 	 0,78945 	 0,78945 	 0,76757 	 0,76757 	 0,09743 	 0,09743 	 0,09743 	 0,83993 	 0,83993 	 0,83993 	 1.000,0 	 1.000,0 	 1.000,0 	 1.000,0 	 1.000,0 	 1.000,0 	 67,8 	 67,8 	 67,8 	 1.000,0 	 1.000,0 	 1.000,0 																			
JUPIÁ	ETA40	0,00171	0,00171	0,00171	0,00171	0,01030	0,01030	0,00846	0,00846	0,00846	0,00056	0,00056	0,00056	 0,92402 	 0,92402 	 0,92402 	 0,92402 	 0,78808 	 0,78808 	 0,17387 	 0,17387 	 0,17387 	 0,86320 	 0,86320 	 0,86320 	 1.000,0 	 1.000,0 	 1.000,0 	 1.000,0 	 1.000,0 	 1.000,0 	 97,7 	 97,7 	 97,7 	 244,3 	 244,3 	 244,3 																			
PORTO VELHO	ETA40	0,00134	0,00134	0,00134	0,00134	0,01541	0,01541	0,01003	0,01003	0,01003	-0,00116	-0,00116	-0,00116	 0,86418 	 0,86418 	 0,86418 	 0,86418 	 0,49893 	 0,49893 	 0,20862 	 0,20862 	 0,20862 	 0,88172 	 0,88172 	 0,88172 	 1.000,0 	 1.000,0 	 1.000,0 	 1.000,0 	 1.000,0 	 1.000,0 	 78,9 	 78,9 	 78,9 	 1.000,0 	 1.000,0 	 1.000,0 																			
PORTO PRIMAVERA	ETA40	-0,00119	-0,00119	-0,00119	-0,00119	0,00324	0,00324	0,01657	0,01657	0,01657	-0,00010	-0,00010	-0,00010	 0,95448 	 0,95448 	 0,95448 	 0,95448 	 1,01817 	 1,01817 	 0,03096 	 0,03096 	 0,03096 	 0,75230 	 0,75230 	 0,75230 	 1.000,0 	 1.000,0 	 1.000,0 	 1.000,0 	 1.000,0 	 1.000,0 	 58,5 	 58,5 	 58,5 	 1.000,0 	 1.000,0 	 1.000,0 																			
FAZENDA BURITI	ETA40	-0,00240	-0,00240	0,00062	0,00062	0,00062	0,00062	0,01640	0,01640	0,01640	-0,00081	-0,00081	-0,00240	 1,19310 	 1,19310 	 1,10445 	 1,10445 	 1,10445 	 1,10445 	 0,06179 	 0,06179 	 0,06179 	 0,94797 	 0,94797 	 1,19310 	 80,5 	 80,5 	 1.000,0 	 1.000,0 	 1.000,0 	 1.000,0 	 1.000,0 	 1.000,0 	 1.000,0 	 1.000,0 	 1.000,0 	 80,5 																			
IVINHEMA	ETA40	-0,00155	-0,00155	-0,00107	-0,00107	-0,00107	-0,00107	0,00583	0,00583	0,00583	0,00583	0,00000	0,00000	 1,21036 	 1,21036 	 1,30233 	 1,30233 	 1,30233 	 1,30233 	 0,55989 	 0,55989 	 0,55989 	 0,55989 	 1,00000 	 1,00000 	 135,7 	 135,7 	 282,6 	 282,6 	 282,6 	 282,6 	 1.000,0 	 1.000,0 	 1.000,0 	 1.000,0 	 1.000,0 	 1.000,0 																			
PORTO TAQUARA	ETA40	-0,00059	-0,00059	-0,00022	-0,00022	-0,00022	-0,00022	0,00897	0,00897	0,00897	-0,00058	-0,00058	-0,00058	 0,82293 	 0,82293 	 1,16193 	 1,16193 	 1,16193 	 1,16193 	 0,04785 	 0,04785 	 0,04785 	 0,80668 	 0,80668 	 0,80668 	 1.000,0 	 1.000,0 	 736,0 	 736,0 	 736,0 	 736,0 	 106,1 	 106,1 	 106,1 	 1.000,0 	 1.000,0 	 1.000,0 																			
BALSA SANTA MARIA	ETA40	0,00360	0,00360	0,00407	0,00407	0,00407	0,00407	0,00609	0,00609	0,00609	0,00097	0,00097	0,00097	 0,64226 	 0,64226 	 1,20728 	 1,20728 	 1,20728 	 1,20728 	 0,36127 	 0,36127 	 0,36127 	 0,85377 	 0,85377 	 0,85377 	 99,4 	 99,4 	 1.000,0 	 1.000,0 	 1.000,0 	 1.000,0 	 104,9 	 104,9 	 104,9 	 150,8 	 150,8 	 150,8 																			
FLORIDA ESTRADA	ETA40	-0,00218	-0,00218	-0,00071	-0,00071	-0,00071	-0,00071	0,00460	0,00460	0,00460	-0,00056	-0,00056	-0,00056	 1,39027 	 1,39027 	 1,42172 	 1,42172 	 1,42172 	 1,42172 	 0,48122 	 0,48122 	 0,48122 	 1,19231 	 1,19231 	 1,19231 	 179,0 	 179,0 	 594,0 	 594,0 	 594,0 	 594,0 	 112,8 	 112,8 	 112,8 	 343,4 	 343,4 	 343,4 																			
ITAIPU	ETA40	0,00000	0,00000	0,00504	0,00504	0,00504	0,00504	0,00564	0,00564	0,00564	0,00000	0,00000	0,00000	 1,00000 	 1,00000 	 1,08435 	 1,08435 	 1,08435 	 1,08435 	 0,40355 	 0,40355 	 0,40355 	 1,00000 	 1,00000 	 1,00000 	 1.000,0 	 1.000,0 	 1.000,0 	 1.000,0 	 1.000,0 	 1.000,0 	 105,8 	 105,8 	 105,8 	 1.000,0 	 1.000,0 	 1.000,0 																			
UNIÃO DA VITÓRIA	ETA40	-0,00046	-0,00046	0,00701	0,00701	0,00701	0,00701	0,00334	0,00334	0,00334	0,00118	0,00118	0,00118	 0,86360 	 0,86360 	 1,02458 	 1,02458 	 1,02458 	 1,02458 	 0,63264 	 0,63264 	 0,63264 	 0,79223 	 0,79223 	 0,79223 	 1.000,0 	 1.000,0 	 1.000,0 	 1.000,0 	 1.000,0 	 1.000,0 	 110,0 	 110,0 	 110,0 	 176,1 	 176,1 	 176,1 																			
FOZ DO AREIA	ETA40	0,00354	0,00354	0,00443	0,00443	0,00443	0,00443	0,00324	0,00324	0,00324	0,00290	0,00290	0,00290	 0,62331 	 0,62331 	 1,36080 	 1,36080 	 1,36080 	 1,36080 	 0,64982 	 0,64982 	 0,64982 	 0,67710 	 0,67710 	 0,67710 	 106,4 	 106,4 	 1.000,0 	 1.000,0 	 1.000,0 	 1.000,0 	 108,1 	 108,1 	 108,1 	 111,3 	 111,3 	 111,3 																			
JORDÃO SEGREDO	ETA40	0,00412	0,00412	0,00329	0,00329	0,00329	0,00329	0,00229	0,00229	0,00229	0,00720	0,00720	0,00720	 0,57871 	 0,57871 	 1,38406 	 1,38406 	 1,38406 	 1,38406 	 0,60875 	 0,60875 	 0,60875 	 0,21391 	 0,21391 	 0,21391 	 102,3 	 102,3 	 1.000,0 	 1.000,0 	 1.000,0 	 1.000,0 	 170,9 	 170,9 	 170,9 	 109,2 	 109,2 	 109,2 																			
SALTO CAXIAS	ETA40	0,00257	0,00257	0,00225	0,00225	0,00225	0,00225	-0,00016	-0,00016	-0,00016	0,00177	0,00177	0,00177	 0,63400 	 0,63400 	 1,24449 	 1,24449 	 1,24449 	 1,24449 	 0,80376 	 0,80376 	 0,80376 	 0,76226 	 0,76226 	 0,76226 	 142,4 	 142,4 	 1.000,0 	 1.000,0 	 1.000,0 	 1.000,0 	 1.000,0 	 1.000,0 	 1.000,0 	 134,3 	 134,3 	 134,3 																			
SANTA CLARA	ETA40	0,00374	0,00374	0,00233	0,00233	0,00233	0,00233	0,00546	0,00546	0,00546	0,00773	0,00773	0,00773	 0,62378 	 0,62378 	 1,54783 	 1,54783 	 1,54783 	 1,54783 	 0,51846 	 0,51846 	 0,51846 	 0,27018 	 0,27018 	 0,27018 	 100,6 	 100,6 	 1.000,0 	 1.000,0 	 1.000,0 	 1.000,0 	 88,2 	 88,2 	 88,2 	 94,4 	 94,4 	 94,4 																			
BARRA GRANDE	ETA40	-0,00506	-0,00506	-0,00170	-0,00170	-0,00159	-0,00159	-0,00159	0,00745	0,00745	0,00745	0,00745	0,00745	 1,75536 	 1,75536 	 1,33315 	 1,33315 	 1,22209 	 1,22209 	 1,22209 	 0,43582 	 0,43582 	 0,43582 	 0,43582 	 0,43582 	 149,3 	 149,3 	 196,0 	 196,0 	 139,7 	 139,7 	 139,7 	 75,7 	 75,7 	 75,7 	 75,7 	 75,7 																			
CAMPOS NOVOS	ETA40	-0,00170	-0,00170	-0,00170	-0,00170	-0,00159	-0,00159	-0,00159	0,00745	0,00745	-0,00506	-0,00506	-0,00506	 1,33315 	 1,33315 	 1,33315 	 1,33315 	 1,22209 	 1,22209 	 1,22209 	 0,43582 	 0,43582 	 1,75536 	 1,75536 	 1,75536 	 196,0 	 196,0 	 196,0 	 196,0 	 139,7 	 139,7 	 139,7 	 75,7 	 75,7 	 149,3 	 149,3 	 149,3 																			
FOZ DO CHAPECÓ	ETA40	0,00109	-0,00139	-0,00139	-0,00139	-0,00184	-0,00184	0,00329	0,00329	0,00329	0,00109	0,00109	0,00109	 0,88311 	 1,59565 	 1,59565 	 1,59565 	 1,34024 	 1,34024 	 0,63712 	 0,63712 	 0,63712 	 0,88311 	 0,88311 	 0,88311 	 107,2 	 428,5 	 428,5 	 428,5 	 184,9 	 184,9 	 110,3 	 110,3 	 110,3 	 107,2 	 107,2 	 107,2 																			
ITÁ	ETA40	0,00000	-0,00037	-0,00037	-0,00037	-0,00188	-0,00188	0,01308	0,01308	0,01308	0,00000	0,00000	0,00000	 1,00000 	 1,33866 	 1,33866 	 1,33866 	 1,31249 	 1,31249 	 0,15245 	 0,15245 	 0,15245 	 1,00000 	 1,00000 	 1,00000 	 1.000,0 	 915,3 	 915,3 	 915,3 	 166,2 	 166,2 	 64,8 	 64,8 	 64,8 	 1.000,0 	 1.000,0 	 1.000,0 																			
MACHADINHO	ETA40	0,00995	0,00995	0,00995	0,00995	0,00000	0,00000	0,00384	0,00384	0,00384	0,00547	0,00547	0,00547	 0,69693 	 0,69693 	 0,69693 	 0,69693 	 1,00000 	 1,00000 	 0,59888 	 0,59888 	 0,59888 	 0,37900 	 0,37900 	 0,37900 	 30,5 	 30,5 	 30,5 	 30,5 	 1.000,0 	 1.000,0 	 104,5 	 104,5 	 104,5 	 113,5 	 113,5 	 113,5 																
MONJOLINHO	ETA40	-0,00306	-0,00306	0,00379	0,00379	0,00379	-0,00299	-0,00299	0,00518	0,00518	0,00518	-0,00306	-0,00306	 1,16946 	 1,16946 	 0,98546 	 0,98546 	 0,98546 	 1,42327 	 1,42327 	 0,61334 	 0,61334 	 0,61334 	 1,16946 	 1,16946 	 55,4 	 55,4 	 1.000,0 	 1.000,0 	 1.000,0 	 141,6 	 141,6 	 74,6 	 74,6 	 74,6 	 55,4 	 55,4 																			
PASSO SÃO JOÃO	ETA40	-0,00261	-0,00261	0,00469	0,00469	0,01738	0,01738	0,01738	0,01738	0,01738	0,00443	0,00443	0,00443	 1,34734 	 1,34734 	 1,56760 	 1,56760 	 0,27082 	 0,27082 	 0,27082 	 0,27082 	 0,27082 	 0,72920 	 0,72920 	 0,72920 	 133,1 	 133,1 	 1.000,0 	 1.000,0 	 42,0 	 42,0 	 42,0 	 42,0 	 42,0 	 1.000,0 	 1.000,0 	 1.000,0 																			
QUEBRA QUEIXO	ETA40	0,00309	0,00309	0,00630	0,00630	0,00319	0,00319	0,00319	0,00644	0,00644	0,00644	0,00644	0,00309	 0,84147 	 0,84147 	 2,20663 	 2,20663 	 1,24940 	 1,24940 	 1,24940 	 0,55245 	 0,55245 	 0,55245 	 0,55245 	 0,84147 	 51,3 	 51,3 	 1.000,0 	 1.000,0 	 1.000,0 	 1.000,0 	 1.000,0 	 69,5 	 69,5 	 69,5 	 69,5 	 51,3 																			
TO1	GEFS	0,00108	0,00108	0,00152	0,00152	0,00000	0,00000	0,00000	0,00000	-0,00009	-0,00009	-0,00009	0,00108	 0,59353 	 0,59353 	 0,45792 	 0,45792 	 1,00000 	 1,00000 	 1,00000 	 1,00000 	 0,83667 	 0,83667 	 0,83667 	 0,59353 	 376,4 	 376,4 	 356,6 	 356,6 	 1.000,0 	 1.000,0 	 1.000,0 	 1.000,0 	 1.000,0 	 1.000,0 	 1.000,0 	 376,4 																			
TO2	GEFS	-0,00029	-0,00029	-0,00150	-0,00150	0,11210	0,11210	0,11210	0,11210	0,00135	0,00135	0,00135	-0,00029	 0,67580 	 0,67580 	 0,88401 	 0,88401 	 0,08500 	 0,08500 	 0,08500 	 0,08500 	 0,64376 	 0,64376 	 0,64376 	 0,67580 	 1.000,0 	 1.000,0 	 1.000,0 	 1.000,0 	 8,2 	 8,2 	 8,2 	 8,2 	 263,9 	 263,9 	 263,9 	 1.000,0 																			
TO3	GEFS	-0,00019	-0,00019	-0,00186	-0,00186	0,13920	0,13920	0,13920	0,13920	-0,00236	-0,00236	-0,00236	-0,00019	 0,82893 	 0,82893 	 1,00779 	 1,00779 	 0,13560 	 0,13560 	 0,13560 	 0,13560 	 1,11001 	 1,11001 	 1,11001 	 0,82893 	 1.000,0 	 1.000,0 	 1.000,0 	 1.000,0 	 6,2 	 6,2 	 6,2 	 6,2 	 1.000,0 	 1.000,0 	 1.000,0 	 1.000,0 																			
TO4	GEFS	-0,00099	-0,00099	-0,00146	-0,00146	0,00000	0,00000	0,00000	0,00000	-0,00073	-0,00073	-0,00073	-0,00099	 0,92622 	 0,92622 	 0,92423 	 0,92423 	 1,00000 	 1,00000 	 1,00000 	 1,00000 	 0,97441 	 0,97441 	 0,97441 	 0,92622 	 1.000,0 	 1.000,0 	 1.000,0 	 1.000,0 	 1.000,0 	 1.000,0 	 1.000,0 	 1.000,0 	 1.000,0 	 1.000,0 	 1.000,0 	 1.000,0 																			
TO5	GEFS	-0,00083	-0,00083	-0,00117	-0,00117	-0,00984	-0,00984	-0,00984	-0,00984	-0,01529	-0,01529	-0,01529	-0,00083	 0,82072 	 0,82072 	 0,90582 	 0,90582 	 1,54959 	 1,54959 	 1,54959 	 1,54959 	 2,12571 	 2,12571 	 2,12571 	 0,82072 	 1.000,0 	 1.000,0 	 1.000,0 	 1.000,0 	 55,9 	 55,9 	 55,9 	 55,9 	 73,6 	 73,6 	 73,6 	 1.000,0 																			
TO6	GEFS	0,00206	0,00206	0,00067	0,00067	0,00067	-0,01252	-0,01252	-0,01252	-0,01252	0,00142	0,00142	0,00142	 0,50467 	 0,50467 	 0,56863 	 0,56863 	 0,56863 	 1,91218 	 1,91218 	 1,91218 	 1,91218 	 0,51957 	 0,51957 	 0,51957 	 240,5 	 240,5 	 643,8 	 643,8 	 643,8 	 72,9 	 72,9 	 72,9 	 72,9 	 338,3 	 338,3 	 338,3 																			
TO7	GEFS	0,00100	0,00100	0,00039	0,00039	0,00039	-0,00406	-0,00406	-0,00406	-0,00406	0,00122	0,00122	0,00122	 0,76300 	 0,76300 	 0,74037 	 0,74037 	 0,74037 	 1,36426 	 1,36426 	 1,36426 	 1,36426 	 0,67164 	 0,67164 	 0,67164 	 237,0 	 237,0 	 665,7 	 665,7 	 665,7 	 89,7 	 89,7 	 89,7 	 89,7 	 269,1 	 269,1 	 269,1 																			
TO8	GEFS	-0,00052	-0,00052	-0,00141	-0,00141	-0,00141	0,09453	0,09453	0,09453	0,09453	-0,00052	-0,00052	-0,00052	 0,78057 	 0,78057 	 0,80676 	 0,80676 	 0,80676 	 2,51409 	 2,51409 	 2,51409 	 2,51409 	 0,85679 	 0,85679 	 0,85679 	 1.000,0 	 1.000,0 	 1.000,0 	 1.000,0 	 1.000,0 	 1.000,0 	 1.000,0 	 1.000,0 	 1.000,0 	 1.000,0 	 1.000,0 	 1.000,0 																			
TO9	GEFS	-0,00098	-0,00098	0,00013	0,00013	0,00000	0,00000	0,00000	-0,01577	-0,01577	-0,01577	-0,00098	-0,00098	 0,82129 	 0,82129 	 0,72649 	 0,72649 	 1,00000 	 1,00000 	 1,00000 	 1,99589 	 1,99589 	 1,99589 	 0,82129 	 0,82129 	 1.000,0 	 1.000,0 	 1.000,0 	 1.000,0 	 1.000,0 	 1.000,0 	 1.000,0 	 63,2 	 63,2 	 63,2 	 1.000,0 	 1.000,0 																			
SF1	GEFS	0,00278	0,00278	0,00181	0,00181	0,06851	0,06851	0,06851	0,06851	0,00355	0,00355	0,00355	0,00278	 0,47714 	 0,47714 	 0,59273 	 0,59273 	 0,01384 	 0,01384 	 0,01384 	 0,01384 	 0,44606 	 0,44606 	 0,44606 	 0,47714 	 188,1 	 188,1 	 225,0 	 225,0 	 14,4 	 14,4 	 14,4 	 14,4 	 156,0 	 156,0 	 156,0 	 188,1 																			
SF2	GEFS	0,00237	0,00237	0,00196	0,00196	0,04963	0,04963	0,04963	0,04963	0,00016	0,00016	0,00016	0,00237	 0,47205 	 0,47205 	 0,55001 	 0,55001 	 0,19775 	 0,19775 	 0,19775 	 0,19775 	 0,66587 	 0,66587 	 0,66587 	 0,47205 	 222,8 	 222,8 	 229,6 	 229,6 	 16,2 	 16,2 	 16,2 	 16,2 	 2.088,3 	 2.088,3 	 2.088,3 	 222,8 																			
SF3	GEFS	0,00122	0,00122	0,00106	0,00106	0,14762	0,14762	0,14762	0,14762	0,00176	0,00176	0,00176	0,00122	 0,51126 	 0,51126 	 0,54584 	 0,54584 	-0,08894 	-0,08894 	-0,08894 	-0,08894 	 0,42880 	 0,42880 	 0,42880 	 0,51126 	 400,6 	 400,6 	 428,5 	 428,5 	 7,4 	 7,4 	 7,4 	 7,4 	 324,5 	 324,5 	 324,5 	 400,6 																			
PN1	GEFS	0,00118	0,00127	0,00127	0,00127	0,00576	0,00576	0,00576	0,00576	-0,00094	-0,00094	-0,00094	0,00118	 0,58561 	 0,60064 	 0,60064 	 0,60064 	 0,68072 	 0,68072 	 0,68072 	 0,68072 	 0,83996 	 0,83996 	 0,83996 	 0,58561 	 351,2 	 314,5 	 314,5 	 314,5 	 55,4 	 55,4 	 55,4 	 55,4 	 1.000,0 	 1.000,0 	 1.000,0 	 351,2 																			
PN2	GEFS	0,00010	0,00244	0,00244	0,00244	0,03624	0,03624	0,03624	0,03624	-0,00071	-0,00071	-0,00071	0,00010	 0,63624 	 0,39434 	 0,39434 	 0,39434 	 0,20932 	 0,20932 	 0,20932 	 0,20932 	 0,71220 	 0,71220 	 0,71220 	 0,63624 	 1.000,0 	 248,2 	 248,2 	 248,2 	 21,8 	 21,8 	 21,8 	 21,8 	 1.000,0 	 1.000,0 	 1.000,0 	 1.000,0 																			
PN3	GEFS	0,00092	0,00275	0,00275	0,00275	0,00622	0,00622	0,00622	0,00622	0,00058	0,00058	0,00058	0,00092	 0,57172 	 0,55216 	 0,55216 	 0,55216 	 0,68232 	 0,68232 	 0,68232 	 0,68232 	 0,59601 	 0,59601 	 0,59601 	 0,57172 	 465,5 	 162,9 	 162,9 	 162,9 	 51,1 	 51,1 	 51,1 	 51,1 	 1.000,0 	 1.000,0 	 1.000,0 	 465,5 																			
PN4	GEFS	0,00024	0,00097	0,00097	0,00097	0,02054	0,02054	0,02054	0,02054	0,00011	0,00011	0,00011	0,00024	 0,66921 	 0,64777 	 0,64777 	 0,64777 	 0,28156 	 0,28156 	 0,28156 	 0,28156 	 0,72413 	 0,72413 	 0,72413 	 0,66921 	 1.378,3 	 363,1 	 363,1 	 363,1 	 35,0 	 35,0 	 35,0 	 35,0 	 2.507,9 	 2.507,9 	 2.507,9 	 1.378,3 																			
PN5	GEFS	0,00257	0,00112	0,00112	0,00112	-0,00020	-0,00020	-0,00020	-0,00020	-0,00115	-0,00115	-0,00115	0,00257	 0,46719 	 0,71642 	 0,71642 	 0,71642 	 0,82219 	 0,82219 	 0,82219 	 0,82219 	 0,82810 	 0,82810 	 0,82810 	 0,46719 	 207,3 	 253,2 	 253,2 	 253,2 	 1.000,0 	 1.000,0 	 1.000,0 	 1.000,0 	 1.000,0 	 1.000,0 	 1.000,0 	 207,3 																			
PN6	GEFS	0,00041	-0,00009	-0,00009	-0,00009	0,01064	0,01064	0,01064	0,01064	0,00021	0,00021	0,00021	0,00041	 0,64673 	 0,87782 	 0,87782 	 0,87782 	 0,49405 	 0,49405 	 0,49405 	 0,49405 	 0,69798 	 0,69798 	 0,69798 	 0,64673 	 861,6 	 1.000,0 	 1.000,0 	 1.000,0 	 47,6 	 47,6 	 47,6 	 47,6 	 1.000,0 	 1.000,0 	 1.000,0 	 861,6 																			
GR1	GEFS	0,00207	0,00129	0,00129	0,00129	0,00321	0,00321	0,00321	0,00321	0,00301	0,00301	0,00301	0,00207	 0,38763 	 0,41518 	 0,41518 	 0,41518 	 0,34047 	 0,34047 	 0,34047 	 0,34047 	 0,33228 	 0,33228 	 0,33228 	 0,38763 	 295,8 	 453,3 	 453,3 	 453,3 	 205,5 	 205,5 	 205,5 	 205,5 	 221,8 	 221,8 	 221,8 	 295,8 																			
GR2	GEFS	0,00148	0,00236	0,00236	0,00236	-0,00055	-0,00055	-0,00055	-0,00055	0,00076	0,00076	0,00076	0,00148	 0,57759 	 0,45878 	 0,45878 	 0,45878 	 0,78246 	 0,78246 	 0,78246 	 0,78246 	 0,64160 	 0,64160 	 0,64160 	 0,57759 	 285,4 	 229,3 	 229,3 	 229,3 	 1.000,0 	 1.000,0 	 1.000,0 	 1.000,0 	 471,6 	 471,6 	 471,6 	 285,4 																			
GR3	GEFS	0,00436	0,00140	0,00140	0,00140	0,00138	0,00138	0,00138	0,00138	0,00017	0,00017	0,00017	0,00436	 0,31515 	 0,72840 	 0,72840 	 0,72840 	 0,71374 	 0,71374 	 0,71374 	 0,71374 	 0,81204 	 0,81204 	 0,81204 	 0,31515 	 157,1 	 194,0 	 194,0 	 194,0 	 207,4 	 207,4 	 207,4 	 207,4 	 1.105,6 	 1.105,6 	 1.105,6 	 157,1 																			
GR4	GEFS	0,00213	0,00312	0,00312	0,00312	-0,04043	-0,04043	-0,04043	-0,04043	-0,00068	-0,00068	-0,00068	0,00213	 0,48543 	 0,48100 	 0,48100 	 0,48100 	 1,99200 	 1,99200 	 1,99200 	 1,99200 	 0,86686 	 0,86686 	 0,86686 	 0,48543 	 241,6 	 166,3 	 166,3 	 166,3 	 24,5 	 24,5 	 24,5 	 24,5 	 1.000,0 	 1.000,0 	 1.000,0 	 241,6 																			
TI1	GEFS	0,00135	0,00062	0,00062	0,00062	0,00424	0,00424	0,00424	0,00424	0,00211	0,00211	0,00211	0,00135	 0,71779 	 0,71356 	 0,71356 	 0,71356 	 0,50430 	 0,50430 	 0,50430 	 0,50430 	 0,58489 	 0,58489 	 0,58489 	 0,71779 	 209,0 	 462,0 	 462,0 	 462,0 	 116,9 	 116,9 	 116,9 	 116,9 	 196,7 	 196,7 	 196,7 	 209,0 																			
TI2	GEFS	0,00380	0,00243	0,00243	0,00243	0,00000	0,00000	0,00000	0,00000	0,00000	0,00464	0,00464	0,00380	 0,49093 	 0,68790 	 0,68790 	 0,68790 	 1,00000 	 1,00000 	 1,00000 	 1,00000 	 1,00000 	 0,45322 	 0,45322 	 0,49093 	 134,0 	 128,4 	 128,4 	 128,4 	 1.000,0 	 1.000,0 	 1.000,0 	 1.000,0 	 1.000,0 	 117,8 	 117,8 	 134,0 																			
PP1	GEFS	0,00119	0,00153	0,00153	0,00147	0,00147	0,00147	0,00043	0,00043	0,00043	0,00043	0,00043	0,00119	 0,56466 	 0,54028 	 0,54028 	 0,61359 	 0,61359 	 0,61359 	 0,72495 	 0,72495 	 0,72495 	 0,72495 	 0,72495 	 0,56466 	 365,8 	 300,5 	 300,5 	 262,9 	 262,9 	 262,9 	 639,7 	 639,7 	 639,7 	 639,7 	 639,7 	 365,8 																			
PP2	GEFS	0,00172	0,00218	0,00218	0,00000	0,00000	0,00000	0,00000	0,00000	0,00000	0,00000	0,00000	0,00172	 0,54650 	 0,57906 	 0,57906 	 1,00000 	 1,00000 	 1,00000 	 1,00000 	 1,00000 	 1,00000 	 1,00000 	 1,00000 	 0,54650 	 263,7 	 193,1 	 193,1 	 1.000,0 	 1.000,0 	 1.000,0 	 1.000,0 	 1.000,0 	 1.000,0 	 1.000,0 	 1.000,0 	 263,7 																			
PP3	GEFS	0,00001	0,00411	0,00411	0,00053	0,00053	0,00053	0,00812	0,00812	0,00812	0,00812	0,00812	0,00001	 0,75304 	 0,49599 	 0,49599 	 1,04808 	 1,04808 	 1,04808 	 0,40779 	 0,40779 	 0,40779 	 0,40779 	 0,40779 	 0,75304 	 1.000,0 	 122,6 	 122,6 	 1.000,0 	 1.000,0 	 1.000,0 	 72,9 	 72,9 	 72,9 	 72,9 	 72,9 	 1.000,0 																			
PP4	GEFS	0,00131	0,00166	0,00166	0,00000	0,00000	0,00000	0,00435	0,00435	0,00435	0,00435	0,00435	0,00131	 0,62690 	 0,65966 	 0,65966 	 1,00000 	 1,00000 	 1,00000 	 0,69766 	 0,69766 	 0,69766 	 0,69766 	 0,69766 	 0,62690 	 284,8 	 205,0 	 205,0 	 1.000,0 	 1.000,0 	 1.000,0 	 69,5 	 69,5 	 69,5 	 69,5 	 69,5 	 284,8 																			
PR1	GEFS	0,00200	0,00164	0,00164	0,00164	0,00397	0,00397	0,00397	0,00397	0,00397	-0,00001	-0,00001	0,00200	 0,53429 	 0,59835 	 0,59835 	 0,59835 	 0,93999 	 0,93999 	 0,93999 	 0,93999 	 0,93999 	 0,70657 	 0,70657 	 0,53429 	 232,9 	 244,9 	 244,9 	 244,9 	 1.000,0 	 1.000,0 	 1.000,0 	 1.000,0 	 1.000,0 	 1.000,0 	 1.000,0 	 232,9 																			
PR2	GEFS	0,00189	0,00191	0,00191	0,00191	0,00023	0,00023	0,00023	0,00023	0,00023	0,00012	0,00012	0,00189	 0,58047 	 0,55138 	 0,55138 	 0,55138 	 1,08077 	 1,08077 	 1,08077 	 1,08077 	 1,08077 	 0,73872 	 0,73872 	 0,58047 	 222,0 	 234,9 	 234,9 	 234,9 	 1.000,0 	 1.000,0 	 1.000,0 	 1.000,0 	 1.000,0 	 2.177,3 	 2.177,3 	 222,0 																			
PR3	GEFS	0,00330	0,00319	0,00319	0,00319	0,00248	0,00248	0,00248	0,00248	0,00248	-0,00166	-0,00166	0,00330	 0,38363 	 0,47028 	 0,47028 	 0,47028 	 1,01202 	 1,01202 	 1,01202 	 1,01202 	 1,01202 	 0,91615 	 0,91615 	 0,38363 	 186,8 	 166,1 	 166,1 	 166,1 	 1.000,0 	 1.000,0 	 1.000,0 	 1.000,0 	 1.000,0 	 1.000,0 	 1.000,0 	 186,8 																			
PR4	GEFS	0,00281	0,00205	0,00205	0,00205	0,00584	0,00584	0,00584	0,00584	0,00584	0,00356	0,00356	0,00281	 0,45368 	 0,60253 	 0,60253 	 0,60253 	 0,96856 	 0,96856 	 0,96856 	 0,96856 	 0,96856 	 0,51824 	 0,51824 	 0,45368 	 194,4 	 193,9 	 193,9 	 193,9 	 1.000,0 	 1.000,0 	 1.000,0 	 1.000,0 	 1.000,0 	 135,3 	 135,3 	 194,4 																			
IT1	GEFS	0,00725	0,00725	0,00386	0,00386	0,00386	0,00621	0,00621	0,00621	0,00597	0,00597	0,00167	0,00167	 0,09125 	 0,09125 	 0,65694 	 0,65694 	 0,65694 	 0,93056 	 0,93056 	 0,93056 	 0,45485 	 0,45485 	 0,50688 	 0,50688 	 125,3 	 125,3 	 88,9 	 88,9 	 88,9 	 1.000,0 	 1.000,0 	 1.000,0 	 91,3 	 91,3 	 295,3 	 295,3 																			
IT2	GEFS	0,00295	0,00295	0,00295	0,00074	0,00074	0,00074	0,00074	0,00074	0,00765	0,00765	-0,00203	-0,00203	 0,64184 	 0,64184 	 0,64184 	 1,12119 	 1,12119 	 1,12119 	 1,12119 	 1,12119 	 0,35456 	 0,35456 	 0,91620 	 0,91620 	 121,4 	 121,4 	 121,4 	 1.000,0 	 1.000,0 	 1.000,0 	 1.000,0 	 1.000,0 	 84,4 	 84,4 	 1.000,0 	 1.000,0 																			
IT3	GEFS	0,00595	0,00595	0,00595	0,00198	0,00198	0,00198	0,00198	0,00198	0,00266	0,00266	-0,00173	-0,00173	 0,43934 	 0,43934 	 0,43934 	 1,02748 	 1,02748 	 1,02748 	 1,02748 	 1,02748 	 0,66155 	 0,66155 	 0,91365 	 0,91365 	 94,2 	 94,2 	 94,2 	 1.000,0 	 1.000,0 	 1.000,0 	 1.000,0 	 1.000,0 	 127,2 	 127,2 	 1.000,0 	 1.000,0 																			
IT4	GEFS	0,00685	0,00685	0,00685	0,00374	0,00374	0,00374	0,00374	0,00374	0,00762	0,00762	-0,00048	-0,00048	 0,26604 	 0,26604 	 0,26604 	 0,87021 	 0,87021 	 0,87021 	 0,87021 	 0,87021 	 0,37664 	 0,37664 	 0,75145 	 0,75145 	 107,1 	 107,1 	 107,1 	 1.000,0 	 1.000,0 	 1.000,0 	 1.000,0 	 1.000,0 	 81,8 	 81,8 	 1.000,0 	 1.000,0 																			
IG1	GEFS	0,00068	0,00068	0,00068	0,00352	0,00352	0,00352	0,00478	0,00478	0,00478	0,00055	0,00055	0,00055	 0,69751 	 0,69751 	 0,69751 	 0,79678 	 0,79678 	 0,79678 	 0,57869 	 0,57869 	 0,57869 	 0,75098 	 0,75098 	 0,75098 	 444,8 	 444,8 	 444,8 	 1.000,0 	 1.000,0 	 1.000,0 	 88,1 	 88,1 	 88,1 	 452,8 	 452,8 	 452,8 																			
IG2	GEFS	0,00699	0,00699	0,00511	0,00511	0,00511	0,00511	0,00511	0,00511	0,00312	0,00024	0,00024	0,00024	 0,30167 	 0,30167 	 0,79790 	 0,79790 	 0,79790 	 0,79790 	 0,79790 	 0,79790 	 0,75702 	 0,86442 	 0,86442 	 0,86442 	 99,9 	 99,9 	 1.000,0 	 1.000,0 	 1.000,0 	 1.000,0 	 1.000,0 	 1.000,0 	 77,9 	 564,9 	 564,9 	 564,9 																			
UR1	GEFS	0,00119	0,00001	0,00001	0,00839	0,00839	0,00839	0,00839	0,01210	0,01210	0,00119	0,00119	0,00119	 0,63782 	 0,69746 	 0,69746 	 0,41216 	 0,41216 	 0,41216 	 0,41216 	 0,22138 	 0,22138 	 0,63782 	 0,63782 	 0,63782 	 304,4 	 1.000,0 	 1.000,0 	 70,1 	 70,1 	 70,1 	 70,1 	 64,3 	 64,3 	 304,4 	 304,4 	 304,4 																			
UR2	GEFS	-0,00060	-0,00060	0,00116	0,00116	0,00116	0,00116	0,00116	0,00148	0,00148	0,00000	0,00000	-0,00060	 0,90175 	 0,90175 	 1,06786 	 1,06786 	 1,06786 	 1,06786 	 1,06786 	 1,08512 	 1,08512 	 1,00000 	 1,00000 	 0,90175 	 1.000,0 	 1.000,0 	 1.000,0 	 1.000,0 	 1.000,0 	 1.000,0 	 1.000,0 	 1.000,0 	 1.000,0 	 1.000,0 	 1.000,0 	 1.000,0 																			
UR3	GEFS	0,00391	0,00391	0,00087	0,00087	0,00371	0,00371	0,00371	0,00371	0,00371	0,00247	0,00247	0,00247	 0,50527 	 0,50527 	 1,21570 	 1,21570 	 0,80969 	 0,80969 	 0,80969 	 0,80969 	 0,80969 	 0,84573 	 0,84573 	 0,84573 	 126,5 	 126,5 	 1.000,0 	 1.000,0 	 1.000,0 	 1.000,0 	 1.000,0 	 1.000,0 	 1.000,0 	 1.000,0 	 1.000,0 	 1.000,0 																			
#LIMITES	MODELO	DIARIO	1	2	3	4	5	6	7	8	9	10	11	12
SERRA DA MESA	ETA40	26	145	145	96	96	9	9	9	9	107	107	107	145
BARRA DO PALMA	ETA40	21	112	112	94	94	6	6	6	6	98	98	98	112
LAJEADO	ETA40	27	148	148	108	108	10	10	10	10	101	101	101	148
PORTO REAL	ETA40	25	140	140	118	118	13	13	13	13	97	97	97	140
ESTREITO	ETA40	23	129	129	119	119	21	21	21	21	90	90	90	129
TRECHO MÉDIO	ETA40	32	158	158	98	98	98	23	23	23	23	124	124	124
BANDEIRANTES	ETA40	25	157	157	89	89	89	24	24	24	24	127	127	127
CONC.ARAGUAIA	ETA40	23	141	141	92	92	92	18	18	18	18	122	122	122
TUCURUI	ETA40	25	124	124	131	131	39	39	39	47	47	47	124	124
TRÊS MARIAS	ETA40	28	150	150	74	74	18	18	18	18	90	90	90	150
SÃO ROMÃO	ETA40	23	134	134	77	77	10	10	10	10	92	92	92	134
SÃO FRANCISCO	ETA40	25	117	117	72	72	5	5	5	5	91	91	91	117
SERRA DO FACÃO	ETA40	26	141	118	118	118	12	12	12	12	98	98	98	141
EMBORCAÇÃO	ETA40	29	169	111	111	111	16	16	16	16	95	95	95	169
NOVA PONTE	ETA40	31	167	103	103	103	21	21	21	21	97	97	97	167
CORUMBÁ IV	ETA40	27	141	118	118	118	12	12	12	12	103	103	103	141
CORUMBÁ I	ETA40	23	140	113	113	113	11	11	11	11	99	99	99	140
ITUMBIARA	ETA40	28	159	117	117	117	15	15	15	15	86	86	86	159
RIO VERDE	ETA40	23	127	112	112	112	23	23	23	23	69	69	69	127
SÃO SIMÃO	ETA40	25	144	121	121	121	25	25	25	25	68	68	68	144
SALTO R. VERDINHO	ETA40	31	124	136	136	136	36	36	36	36	66	66	66	124
FOZ DO RIO CLARO	ETA40	26	122	135	135	64	64	64	64	64	68	68	68	122
ESPORA	ETA40	30	128	140	140	140	35	35	35	35	7	7	128	128
CAMARGOS	ETA40	31	158	91	91	91	23	23	23	23	90	90	90	158
FUNIL	ETA40	31	159	94	94	94	22	22	22	22	92	92	92	159
PORTO DOS BUENOS	ETA40	32	159	91	91	91	27	27	27	27	91	91	91	159
PARAGUAÇU	ETA40	28	140	93	93	93	32	32	32	32	85	85	85	140
FURNAS	ETA40	28	144	93	93	93	24	24	24	24	78	78	78	144
FAZ. CAPÃO ESCURO	ETA40	33	165	103	103	103	28	28	28	28	94	94	94	165
PORTO COLÔMBIA	ETA40	28	155	98	98	98	23	23	23	23	88	88	88	155
EUC. DA CUNHA	ETA40	30	159	102	102	102	31	31	31	31	89	89	89	159
PASSAGEM	ETA40	30	148	101	101	101	32	32	32	32	93	93	93	148
MARIMBONDO	ETA40	30	149	96	96	96	30	30	30	30	85	85	85	149
ÁGUA VERMELHA	ETA40	29	143	95	95	95	30	30	30	30	76	76	76	143
EDGARD DE SOUZA	ETA40	26	113	120	120	120	48	48	48	48	63	63	63	113
BARRA BONITA	ETA40	23	115	111	111	111	45	45	45	45	57	57	57	115
IBITINGA	ETA40	29	129	129	129	129	54	54	36	36	36	78	78	78
N. AVANHANDAVA	ETA40	31	132	132	132	132	52	52	31	31	31	82	82	82
CAMP. M. ALEGRE	ETA40	24	122	95	95	54	54	54	71	71	71	71	71	122
JURUMIRIM	ETA40	24	117	93	93	54	54	54	72	72	72	72	72	117
OLARIA DOS PADRES	ETA40	27	123	84	84	66	66	66	79	79	79	79	79	123
CHAVANTES	ETA40	28	116	91	91	61	61	61	76	76	76	76	76	116
SANTA CRUZ	ETA40	27	125	99	99	59	59	59	74	74	74	74	74	125
CANOAS I	ETA40	26	115	96	96	59	59	59	75	75	75	75	75	115
TELEMACO BORBA	ETA40	23	100	97	97	82	82	82	99	99	99	99	99	100
JATAIZINHO	ETA40	27	118	98	98	84	84	84	92	92	92	92	92	118
CAPIVARA	ETA40	25	109	89	89	66	66	66	78	78	78	78	78	109
ITAGUAGÉ	ETA40	30	127	101	101	78	78	78	90	90	90	90	90	127
ROSANA	ETA40	27	115	99	99	70	70	70	77	77	77	77	77	115
ILHA SOLTEIRA	ETA40	25	136	94	94	94	43	43	43	43	43	82	82	136
FAZENDA BURITI	ETA40	19	106	85	85	85	53	53	53	53	53	83	83	106
PORTO PRIMAVERA	ETA40	19	109	84	84	84	52	52	52	52	52	82	82	109
JUPIÁ	ETA40	23	118	118	118	118	50	50	43	43	43	106	106	106
PORTO VELHO	ETA40	21	110	110	110	110	48	48	44	44	44	97	97	97
PORTO TAQUARA	ETA40	24	107	107	107	78	78	78	78	78	106	106	89	89
BALSA SANTA MARIA	ETA40	25	108	108	108	94	94	94	94	94	122	122	102	102
FLORIDA ESTRADA	ETA40	30	100	100	86	86	86	86	68	68	68	105	105	105
ITAIPU	ETA40	22	100	100	84	84	84	84	80	80	80	103	103	103
IVINHEMA	ETA40	21	98	98	74	74	74	55	55	55	91	91	93	93
FOZ DO AREIA	ETA40	35	109	109	105	105	105	105	115	115	115	113	113	113
JORDÃO SEGREDO	ETA40	37	113	113	115	115	115	115	114	114	114	122	122	122
SALTO CAXIAS	ETA40	36	117	117	115	115	115	115	107	107	107	129	129	129
SANTA CLARA	ETA40	36	112	112	107	107	107	107	112	112	112	120	120	120
UNIÃO DA VITÓRIA	ETA40	22	104	104	104	77	77	77	103	103	103	96	96	96
BARRA GRANDE	ETA40	31	97	97	82	82	89	89	89	103	103	103	103	103
CAMPOS NOVOS	ETA40	30	93	93	93	93	86	86	86	119	119	94	94	94
FOZ DO CHAPECÓ	ETA40	36	116	109	109	109	107	107	117	117	117	116	116	116
ITÁ	ETA40	32	100	94	94	94	95	95	104	104	104	100	100	100
MACHADINHO	ETA40	37	96	96	96	96	96	96	115	115	115	101	101	101
MONJOLINHO	ETA40	32	91	93	93	93	93	97	97	111	111	111	91	91
PASSO SÃO JOÃO	ETA40	32	96	96	100	100	92	92	92	92	92	119	119	119
QUEBRA QUEIXO	ETA40	37	99	99	107	107	99	99	99	124	124	124	124	99
TO1	GEFS	26	145	145	96	96	9	9	9	9	107	107	107	145
TO2	GEFS	21	112	112	94	94	6	6	6	6	98	98	98	112
TO3	GEFS	27	148	148	108	108	10	10	10	10	101	101	101	148
TO4	GEFS	25	140	140	118	118	13	13	13	13	97	97	97	140
TO5	GEFS	23	129	129	119	119	21	21	21	21	90	90	90	129
TO6	GEFS	32	158	158	98	98	98	23	23	23	23	124	124	124
TO7	GEFS	25	157	157	89	89	89	24	24	24	24	127	127	127
TO8	GEFS	23	141	141	92	92	92	18	18	18	18	122	122	122
TO9	GEFS	25	124	124	131	131	39	39	39	47	47	47	124	124
SF1	GEFS	28	150	150	74	74	18	18	18	18	90	90	90	150
SF2	GEFS	23	134	134	77	77	10	10	10	10	92	92	92	134
SF3	GEFS	25	117	117	72	72	5	5	5	5	91	91	91	117
PN3	GEFS	28	159	117	117	117	15	15	15	15	86	86	86	159
PN4	GEFS	23	127	112	112	112	23	23	23	23	69	69	69	127
PN5	GEFS	25	144	121	121	121	25	25	25	25	68	68	68	144
PN1	GEFS	27	158	106	106	106	17	17	17	17	94	94	94	158
PN2	GEFS	22	138	112	112	112	11	11	11	11	98	98	98	138
PN6	GEFS	23	120	128	128	128	34	34	34	34	68	68	68	120
GR1	GEFS	28	156	92	92	92	25	25	25	25	86	86	86	156
GR2	GEFS	27	145	94	94	94	26	26	26	26	82	82	82	145
GR3	GEFS	27	151	94	94	94	26	26	26	26	86	86	86	151
GR4	GEFS	27	140	93	93	93	29	29	29	29	80	80	80	140
TI1	GEFS	22	112	112	112	112	44	44	44	44	58	58	58	112
TI2	GEFS	28	125	118	118	118	44	44	44	44	44	60	60	125
PP1	GEFS	24	116	86	86	57	57	57	73	73	73	73	73	116
PP2	GEFS	24	117	91	91	57	57	57	73	73	73	73	73	117
PP3	GEFS	24	103	93	93	79	79	79	95	95	95	95	95	103
PP4	GEFS	24	114	90	90	67	67	67	77	77	77	77	77	114
PR1	GEFS	25	136	94	94	94	43	43	43	43	43	82	82	136
PR2	GEFS	21	124	98	98	98	46	46	46	46	46	91	91	124
PR3	GEFS	19	106	85	85	85	53	53	53	53	53	83	83	106
PR4	GEFS	19	109	84	84	84	52	52	52	52	52	82	82	109
IT2	GEFS	24	107	107	107	78	78	78	78	78	106	106	89	89
IT3	GEFS	25	108	108	108	94	94	94	94	94	122	122	102	102
IT4	GEFS	21	95	95	95	78	78	78	78	78	105	105	96	96
IT1	GEFS	21	98	98	74	74	74	55	55	55	91	91	93	93
IG1	GEFS	22	104	104	104	77	77	77	103	103	103	96	96	96
IG2	GEFS	34	115	115	100	100	100	100	100	100	137	121	121	121
UR3	GEFS	32	96	96	100	100	92	92	92	92	92	119	119	119
UR1	GEFS	30	97	83	83	85	85	85	85	118	118	97	97	97
UR2	GEFS	32	91	91	94	94	94	94	94	111	111	104	104	91
#CORRELACAO
GRANDE	ETA40	 0,462 	 0,500 	 0,378 	 0,402 	 0,380 	 0,295 	 0,213 	 0,217 	 0,120 	 0,189 
IGUAÇU	ETA40	 0,398 	 0,297 	 0,408 	 0,317 	 0,306 	 0,171 	 0,149 	 0,044 	 0,042 	 0,015 
ITAIPU	ETA40	 0,466 	 0,393 	 0,392 	 0,338 	 0,296 	 0,272 	 0,177 	 0,140 	 0,158 	 0,129 
PARANÁ	ETA40	 0,466 	 0,393 	 0,392 	 0,338 	 0,296 	 0,272 	 0,177 	 0,140 	 0,158 	 0,129 
PARANAÍBA	ETA40	 0,493 	 0,476 	 0,454 	 0,415 	 0,411 	 0,323 	 0,389 	 0,332 	 0,277 	 0,271 
PARANAPANEMA	ETA40	 0,458 	 0,369 	 0,299 	 0,277 	 0,337 	 0,203 	 0,229 	 0,105 	 0,034 	 0,012 
SÃO FRANCISCO	ETA40	 0,506 	 0,479 	 0,432 	 0,465 	 0,424 	 0,404 	 0,392 	 0,353 	 0,368 	 0,345 
TIETÊ	ETA40	 0,498 	 0,477 	 0,394 	 0,405 	 0,408 	 0,301 	 0,278 	 0,171 	 0,086 	 0,114 
TOCANTINS	ETA40	 0,510 	 0,444 	 0,459 	 0,419 	 0,451 	 0,425 	 0,434 	 0,445 	 0,391 	 0,373 
URUGUAI	ETA40	 0,416 	 0,352 	 0,350 	 0,297 	 0,323 	 0,135 	 0,217 	 0,133 	 0,027 	 0,013 
GRANDE	GEFS	 0,538 	 0,500 	 0,622 	 0,598 	 0,620 	 0,705 	 0,787 	 0,783 	 0,880 	 0,811 
IGUAÇU	GEFS	 0,602 	 0,703 	 0,592 	 0,683 	 0,694 	 0,829 	 0,851 	 0,956 	 0,958 	 0,985 
ITAIPU	GEFS	 0,534 	 0,607 	 0,608 	 0,662 	 0,704 	 0,728 	 0,823 	 0,860 	 0,842 	 0,871 
PARANÁ	GEFS	 0,534 	 0,607 	 0,608 	 0,662 	 0,704 	 0,728 	 0,823 	 0,860 	 0,842 	 0,871 
PARANAÍBA	GEFS	 0,507 	 0,524 	 0,546 	 0,585 	 0,589 	 0,677 	 0,611 	 0,668 	 0,723 	 0,729 
PARANAPANEMA	GEFS	 0,542 	 0,631 	 0,701 	 0,723 	 0,663 	 0,797 	 0,771 	 0,895 	 0,966 	 0,988 
SÃO FRANCISCO	GEFS	 0,494 	 0,521 	 0,568 	 0,535 	 0,576 	 0,596 	 0,608 	 0,647 	 0,632 	 0,655 
TIETÊ	GEFS	 0,502 	 0,523 	 0,606 	 0,595 	 0,592 	 0,699 	 0,722 	 0,829 	 0,914 	 0,886 
TOCANTINS	GEFS	 0,490 	 0,556 	 0,541 	 0,581 	 0,549 	 0,575 	 0,566 	 0,555 	 0,609 	 0,627 
URUGUAI	GEFS	 0,584 	 0,648 	 0,650 	 0,703 	 0,677 	 0,865 	 0,783 	 0,867 	 0,973 	 0,987 
#CONJUNTO
GRANDE	ÁGUA VERMELHA	ETA40	-19,8;-49	-19,8;-49,4	-19,8;-49,8	-19,8;-50,2	-20,2;-49,4	-20,2;-49,8	-20,2;-50,2	-20,6;-49	-20,6;-49,4	-21;-48,6	-21;-49																																																																																																																											
GRANDE	CAMARGOS	ETA40	-21,4;-44,2	-21,4;-44,6	-21,8;-44,2	-21,8;-44,6	-22,2;-44,6																																																																																																																																	
GRANDE	EUC. DA CUNHA	ETA40	-21,8;-46,6																																																																																																																																					
GRANDE	FAZ. CAPÃO ESCURO	ETA40	-20,6;-47,4	-20,6;-47,8	-21;-47	-21;-47,4																																																																																																																																		
GRANDE	FUNIL	ETA40	-21;-43,8	-21;-44,2	-21;-44,6	-21;-45	-21,4;-43,8																																																																																																																																	
GRANDE	FURNAS	ETA40	-20,6;-45,4	-20,6;-45,8	-20,6;-46,2	-21;-45,4	-21;-45,8	-21;-46,2	-21,4;-45	-21,4;-45,4	-21,4;-45,8	-21,4;-46,2	-21,4;-46,6	-21,8;-46,2																																																																																																																										
GRANDE	MARIMBONDO	ETA40	-19,8;-48,6	-20,2;-48,6	-20,2;-49	-20,6;-48,2	-20,6;-48,6	-21;-47,8	-21;-48,2	-21,4;-47	-21,4;-47,4	-21,8;-47																																																																																																																												
GRANDE	PARAGUAÇU	ETA40	-21,8;-45,8	-22,2;-45,8	-22,2;-46,2	-22,6;-45,4	-22,6;-45,8																																																																																																																																	
GRANDE	PASSAGEM	ETA40	-21,4;-47,8	-21,4;-48,2	-21,8;-47,4	-21,8;-47,8	-22,2;-46,6	-22,2;-47	-22,2;-47,4	-22,6;-46,2	-22,6;-46,6																																																																																																																													
GRANDE	PORTO COLÔMBIA	ETA40	-19,8;-47,4	-19,8;-47,8	-19,8;-48,2	-20,2;-47	-20,2;-47,4	-20,2;-47,8	-20,2;-48,2	-20,6;-46,6	-20,6;-47	-21;-46,6																																																																																																																												
GRANDE	PORTO DOS BUENOS	ETA40	-21,8;-45	-21,8;-45,4	-22,2;-45	-22,2;-45,4																																																																																																																																		
IGUAÇU	IGUAÇU	ETA40	-27;-54,6	-26,6;-54,6	-26,2;-54,6	-25,8;-54,6	-25,4;-54,6	-25;-54,6	-24,6;-54,6	-27;-54,2	-26,6;-54,2	-26,2;-54,2	-25,8;-54,2	-25,4;-54,2	-25;-54,2	-24,6;-54,2	-27;-53,8	-26,6;-53,8	-26,2;-53,8	-25,8;-53,8	-25,4;-53,8	-25;-53,8	-24,6;-53,8	-27;-53,4	-26,6;-53,4	-26,2;-53,4	-25,8;-53,4	-25,4;-53,4	-25;-53,4	-24,6;-53,4	-27;-53	-26,6;-53	-26,2;-53	-25,8;-53	-25,4;-53	-25;-53	-24,6;-53	-27;-52,6	-26,6;-52,6	-26,2;-52,6	-25,8;-52,6	-25,4;-52,6	-25;-52,6	-24,6;-52,6	-27;-52,2	-26,6;-52,2	-26,2;-52,2	-25,8;-52,2	-25,4;-52,2	-25;-52,2	-24,6;-52,2	-27;-51,8	-26,6;-51,8	-26,2;-51,8	-25,8;-51,8	-25,4;-51,8	-25;-51,8	-24,6;-51,8	-27;-51,4	-26,6;-51,4	-26,2;-51,4	-25,8;-51,4	-25,4;-51,4	-25;-51,4	-24,6;-51,4	-27;-51	-26,6;-51	-26,2;-51	-25,8;-51	-25,4;-51	-25;-51	-24,6;-51	-27;-50,6	-26,6;-50,6	-26,2;-50,6	-25,8;-50,6	-25,4;-50,6	-25;-50,6	-24,6;-50,6	-27;-50,2	-26,6;-50,2	-26,2;-50,2	-25,8;-50,2	-25,4;-50,2	-25;-50,2	-24,6;-50,2	-27;-49,8	-26,6;-49,8	-26,2;-49,8	-25,8;-49,8	-25,4;-49,8	-25;-49,8	-24,6;-49,8	-27;-49,4	-26,6;-49,4	-26,2;-49,4	-25,8;-49,4	-25,4;-49,4	-25;-49,4	-24,6;-49,4	-27;-49	-26,6;-49	-26,2;-49	-25,8;-49	-25,4;-49	-25;-49	-24,6;-49	-27;-48,6	-26,6;-48,6	-26,2;-48,6	-25,8;-48,6	-25,4;-48,6	-25;-48,6	-24,6;-48,6																						
ITAIPU	BALSA SANTA MARIA	ETA40	-23,8;-53	-24,2;-52,6	-24,2;-53	-24,2;-53,4	-24,6;-52,6	-24,6;-53	-24,6;-53,4	-25;-51,8	-25;-52,2	-25;-52,6	-25;-53																																																																																																																											
ITAIPU	FLORIDA ESTRADA	ETA40	-22,6;-55	-22,6;-55,4	-23;-54,6	-23;-55	-23;-55,4	-23,4;-55	-23,4;-55,4	-23,8;-55	-23,8;-55,4																																																																																																																													
ITAIPU	ITAIPU	ETA40	-22,6;-53	-22,6;-53,4	-22,6;-53,8	-22,6;-54,2	-23;-53,4	-23;-53,8	-23;-54,2	-23,4;-53,4	-23,4;-53,8	-23,4;-54,2	-23,4;-54,6	-23,8;-53,4	-23,8;-53,8	-23,8;-54,2	-23,8;-54,6	-24,2;-53,8	-24,2;-54,2	-24,2;-54,6	-24,2;-55	-24,6;-53,8	-24,6;-54,2	-24,6;-54,6	-24,6;-55	-25;-53,8	-25;-54,2	-25;-54,6	-25,4;-54,6																																																																																																											
ITAIPU	IVINHEMA	ETA40	-21;-55	-21,4;-54,6	-21,4;-55	-21,4;-55,4	-21,8;-53,4	-21,8;-53,8	-21,8;-54,2	-21,8;-54,6	-21,8;-55	-21,8;-55,4	-22,2;-53,4	-22,2;-53,8	-22,2;-54,2	-22,2;-54,6	-22,2;-55	-22,2;-55,4	-22,2;-55,8	-22,6;-54,6																																																																																																																				
ITAIPU	PORTO TAQUARA	ETA40	-23;-52,6	-23;-53	-23,4;-52,2	-23,4;-52,6	-23,4;-53	-23,8;-51,4	-23,8;-51,8	-23,8;-52,2	-23,8;-52,6	-25,4;-51	-24,2;-51,4	-24,2;-51,8	-24,2;-52,2	-24,6;-51	-24,6;-51,4	-24,6;-51,8	-24,6;-52,2	-25;-51	-25;-51,4																																																																																																																			
PARANAÍBA	CORUMBÁ I	ETA40	-15,8;-47,8	-16,2;-47,8	-16,6;-47,8	-16,6;-48,2	-16,6;-48,6	-17;-47,8	-17;-48,2	-17;-48,6	-17,4;-48,2	-17,4;-48,6	-17,8;-48,6																																																																																																																											
PARANAÍBA	CORUMBÁ IV	ETA40	-15,8;-48,2	-15,8;-48,6	-16,2;-48,2	-16,2;-48,6	-16,2;-49																																																																																																																																	
PARANAÍBA	EMBORCAÇÃO	ETA40	-17,8;-47,4	-18,2;-47	-18,2;-47,4	-18,2;-47,8	-18,6;-46,6	-18,6;-47	-18,6;-47,4	-18,6;-47,8	-19;-46,6	-19;-47,4																																																																																																																												
PARANAÍBA	ITUMBIARA	ETA40	-17,4;-49	-17,8;-47,8	-17,8;-48,2	-17,8;-49	-18,2;-48,2	-18,2;-48,6	-18,2;-49	-18,6;-48,2	-18,6;-48,6	-19;-47,8	-19;-48,2	-19,4;-47,8																																																																																																																										
PARANAÍBA	NOVA PONTE	ETA40	-19;-47	-19,4;-46,2	-19,4;-46,6	-19,4;-47	-19,4;-47,4	-19,8;-46,6	-19,8;-47																																																																																																																															
PARANAÍBA	SÃO SIMÃO	ETA40	-17,4;-51,8	-17;-51,8	-17,8;-51,4	-17,4;-51,4	-17;-51,4	-19;-51	-18,6;-51	-18,2;-51	-17,8;-51	-17,4;-51	-17;-51	-16,6;-51	-19,4;-50,6	-19;-50,6	-18,6;-50,6	-18,2;-50,6	-17,8;-50,6	-17,4;-50,6	-17;-50,6	-16,6;-50,6	-19,4;-50,2	-19;-50,2	-18,6;-50,2	-18,2;-50,2	-17,8;-50,2	-17,4;-50,2	-17;-50,2	-16,6;-50,2	-16,2;-50,2	-15,8;-50,2	-19,8;-49,8	-19,4;-49,8	-19;-49,8	-18,6;-49,8	-18,2;-49,8	-17,8;-49,8	-17,4;-49,8	-17;-49,8	-16,6;-49,8	-16,2;-49,8	-15,8;-49,8	-19,8;-49,4	-19,4;-49,4	-19;-49,4	-18,6;-49,4	-18,2;-49,4	-17,8;-49,4	-17,4;-49,4	-17;-49,4	-16,6;-49,4	-16,2;-49,4	-15,8;-49,4	-19,8;-49	-19,4;-49	-19;-49	-18,6;-49	-18,2;-49	-17,8;-49	-17,4;-49	-17;-49	-16,6;-49	-16,2;-49	-15,8;-49	-19,8;-48,6	-19,4;-48,6	-19;-48,6	-18,6;-48,6	-17;-48,6	-16,6;-48,6	-16,2;-48,6	-19,8;-48,2	-19,4;-48,2	-19;-48,2	-19,8;-47,8	-19,4;-47,8																																																											
PARANAÍBA	SERRA DO FACÃO	ETA40	-16,6;-47,4	-17;-47,4	-17,4;-47,4	-17,4;-47,8																																																																																																																																		
PARANAPANEMA	CANOAS I	ETA40	-22,6;-49	-22,6;-49,4	-22,6;-49,8	-22,6;-50,2	-23;-49,8	-23;-50,2	-23;-48,6	-23;-49	-23;-49,4																																																																																																																													
PARANAPANEMA	CAPIVARA	ETA40	-22,6;-50,6	-22,6;-51	-23;-50,6	-23;-51	-23;-51,4	-23,4;-50,2	-23,4;-50,6	-23,8;-49,8	-23,8;-50,2	-24,2;-49,8	-24,2;-50,2	-23,4;-51	-23,4;-51,4	-23,8;-50,6	-23,8;-51																																																																																																																							
PARANAPANEMA	CHAVANTES	ETA40	-23,4;-49,4	-23,4;-49,8	-23,8;-49,4	-24,2;-49,4																																																																																																																																		
PARANAPANEMA	JURUMIRIM	ETA40	-23,4;-48,2	-23,4;-48,6	-23,4;-49	-23,8;-48,6	-23,8;-49	-24,2;-48,6	-24,2;-49	-23,8;-47,8	-23,8;-48,2	-24,2;-48,2																																																																																																																												
PARANAPANEMA	MAUÁ	ETA40	-24,6;-49,8	-24,6;-50,2	-24,6;-50,6	-25;-50,2	-25;-50,6	-25,4;-49,8	-25,4;-50,2	-25,4;-50,6	-24,2;-50,6	-24,2;-51																																																																																																																												
PARANAPANEMA	ROSANA	ETA40	-22,2;-51,8	-22,6;-51,4	-22,6;-51,8	-22,6;-52,2	-22,6;-52,6	-23;-52,2	-23;-51,8	-23,4;-51,8																																																																																																																														
SÃO FRANCISCO	SÃO FRANCISCO	ETA40	-15;-46,2	-15,4;-45,8	-15,4;-46,2	-15,4;-46,6	-15,8;-45,4	-15,8;-45,8	-15,8;-46,2	-15,8;-46,6	-16,2;-44,6	-16,2;-45	-16,2;-45,4	-16,2;-45,8	-16,2;-46,2	-16,2;-46,6	-16,6;-45,8	-16,6;-46,2																																																																																																																						
SÃO FRANCISCO	SÃO ROMÃO	ETA40	-15,8;-47	-15,8;-47,4	-16,2;-47	-16,6;-44,2	-16,6;-44,6	-16,6;-45	-16,6;-45,4	-16,6;-46,6	-16,6;-47	-17;-43,8	-17;-44,2	-17;-44,6	-17;-45	-17;-45,4	-17;-45,8	-17;-46,2	-17;-46,6	-17;-47	-17,4;-43,8	-17,4;-44,2	-17,4;-44,6	-17,4;-45	-17,4;-45,4	-17,4;-45,8	-17,4;-46,2	-17,4;-46,6	-17,4;-47	-17,8;-43,8	-17,8;-44,2	-17,8;-44,6	-17,8;-45	-17,8;-45,4	-17,8;-45,8	-17,8;-46,2	-17,8;-46,6	-17,8;-47	-18,2;-43,8	-18,2;-44,2	-18,2;-44,6	-18,2;-45	-18,2;-45,8	-18,2;-46,2	-18,2;-46,6	-18,6;-43,8	-18,6;-44,2	-18,6;-44,6	-18,6;-45,8	-18,6;-46,2	-19;-43,8	-19;-44,2	-19;-46,2	-19,4;-43,8	-19,4;-44,2	-19,8;-43,8	-20,2;-43,8																																																																															
SÃO FRANCISCO	TRÊS MARIAS	ETA40	-18,2;-45,4	-18,6;-45	-18,6;-45,4	-19;-44,6	-19;-45	-19;-45,4	-19;-45,8	-19,4;-44,6	-19,4;-45	-19,4;-45,4	-19,4;-45,8	-19,8;-44,2	-19,8;-44,6	-19,8;-45	-19,8;-45,4	-19,8;-45,8	-19,8;-46,2	-20,2;-44,2	-20,2;-44,6	-20,2;-45	-20,2;-45,4	-20,2;-45,8	-20,2;-46,2	-20,2;-46,6	-20,6;-43,8	-20,6;-44,2	-20,6;-44,6	-20,6;-45																																																																																																										
URUGUAI	URUGUAI	ETA40	-27,4;-51	-27,8;-50,2	-27,4;-50,2	-27,8;-49,8	-27,8;-49,4	-27,8;-50,6	-27,4;-50,6	-27;-50,6	-28,2;-51	-27,8;-51	-28,6;-50,2	-28,2;-50,2	-28,6;-49,8	-28,2;-49,8	-28,6;-50,6	-28,2;-50,6	-27;-51	-28,2;-52,2	-27,8;-52,2	-27,4;-52,2	-28,2;-51,8	-27,8;-51,8	-27,4;-51,8	-27;-51,8	-28,2;-51,4	-27,8;-51,4	-27,4;-51,4	-27;-51,4																																																																																																										
GRANDE	ÁGUA VERMELHA	GEFS	-20;-49	-20;-50	-21;-49																																																																																																																																			
GRANDE	CAMARGOS	GEFS	-22;-44	-22;-45																																																																																																																																				
GRANDE	EUC. DA CUNHA	GEFS	-22;-46	-22;-47																																																																																																																																				
GRANDE	FAZ. CAPÃO ESCURO	GEFS	-21;-47	-21;-48																																																																																																																																				
GRANDE	FUNIL	GEFS	-21;-44	-21;-45																																																																																																																																				
GRANDE	FURNAS	GEFS	-21;-45	-21;-46	-22;-46																																																																																																																																			
GRANDE	MARIMBONDO	GEFS	-20;-49	-21;-48	-22;-47																																																																																																																																			
GRANDE	PARAGUAÇU	GEFS	-22;-46	-23;-46																																																																																																																																				
GRANDE	PASSAGEM	GEFS	-21;-48	-22;-48	-22;-47																																																																																																																																			
GRANDE	PORTO COLÔMBIA	GEFS	-20;-47	-20;-48	-21;-47																																																																																																																																			
GRANDE	PORTO DOS BUENOS	GEFS	-22;-45																																																																																																																																					
IGUAÇU	IGUAÇU	GEFS	-26;-49	-26;-50	-26;-51	-26;-52	-26;-53	-26;-54	-25;-49	-25;-50	-25;-51	-25;-52	-25;-53	-25;-54	-27;-49	-27;-50	-27;-51	-27;-52	-27;-53	-27;-54																																																																																																																				
ITAIPU	BALSA SANTA MARIA	GEFS	-24;-53	-25;-52	-25;-53																																																																																																																																			
ITAIPU	FLORIDA ESTRADA	GEFS	-23;-55	-24;-55																																																																																																																																				
ITAIPU	ITAIPU	GEFS	-23;-54	-24;-54	-24;-55	-25;-54	-25;-55																																																																																																																																	
ITAIPU	IVINHEMA	GEFS	-21;-55	-22;-54	-22;-55																																																																																																																																			
ITAIPU	PORTO TAQUARA	GEFS	-23;-53	-24;-52	-25;-51																																																																																																																																			
PARANAÍBA	CORUMBÁ I	GEFS	-16;-48	-17;-48	-17;-49																																																																																																																																			
PARANAÍBA	CORUMBÁ IV	GEFS	-16;-48	-16;-49																																																																																																																																				
PARANAÍBA	EMBORCAÇÃO	GEFS	-18;-47	-19;-47																																																																																																																																				
PARANAÍBA	ITUMBIARA	GEFS	-18;-48	-18;-49	-19;-48																																																																																																																																			
PARANAÍBA	NOVA PONTE	GEFS	-19;-47	-20;-47																																																																																																																																				
PARANAÍBA	SÃO SIMÃO	GEFS	-17;-50	-17;-51	-18;-51	-17;-49	-18;-50	-19;-49	-19;-50	-16;-49	-16;-50	-20;-49	-20;-50	-19;-51	-18;-49	-17;-52	-19;-48	-20;-48																																																																																																																						
PARANAÍBA	SERRA DO FACÃO	GEFS	-17;-47	-17;-48																																																																																																																																				
PARANAPANEMA	CANOAS I	GEFS	-23;-50	-23;-49																																																																																																																																				
PARANAPANEMA	CAPIVARA	GEFS	-22;-51	-23;-51	-24;-50	-24;-51																																																																																																																																		
PARANAPANEMA	CHAVANTES	GEFS	-23;-49	-23;-50	-24;-49	-24;-50																																																																																																																																		
PARANAPANEMA	JURUMIRIM	GEFS	-23;-49	-24;-49	-24;-48																																																																																																																																			
PARANAPANEMA	MAUÁ	GEFS	-25;-50	-25;-51	-24;-51																																																																																																																																			
PARANAPANEMA	ROSANA	GEFS	-22;-52	-23;-52	-23;-53																																																																																																																																			
SÃO FRANCISCO	SÃO FRANCISCO	GEFS	-15;-46	-15;-47	-16;-45	-16;-46	-16;-47																																																																																																																																	
SÃO FRANCISCO	SÃO ROMÃO	GEFS	-16;-47	-17;-44	-17;-45	-17;-46	-17;-47	-18;-44	-18;-45	-18;-46	-18;-47	-19;-44	-19;-46	-20;-44																																																																																																																										
SÃO FRANCISCO	TRÊS MARIAS	GEFS	-19;-45	-20;-44	-20;-45	-19;-46	-20;-46	-21;-44																																																																																																																																
URUGUAI	URUGUAI	GEFS	-27;-51	-28;-50	-28;-51	-27;-52	-28;-52																																																																																																																																	